average needed generations: 6000
pm: 0.02
pc: 0.35
geneCnt: 500
geneLen: 100
crossover-method: 1
replication-scheme: 0
number of runs: 2
best gene fitness: 3842.8676287603485

55 348 252 199 359 120 200 149 442 480 77 116 384 453 123 137 362 283 216 264 103 60 247 27 34 203 251 364 208 422 170 479 396 402 19 144 484 353 65 256 494 455 249 45 338 462 48 161 245 492 25 411 211 345 196 270 39 232 88 52 272 92 315 119 183 321 278 446 323 457 194 420 187 284 78 443 221 297 142 337 29 330 398 380 333 414 155 473 470 176 471 237 5 145 451 439 305 376 257 369 319 32 458 452 461 448 47 279 269 496 491 363 423 124 440 192 226 320 30 468 132 248 79 318 266 428 99 282 74 293 184 59 101 150 285 17 225 361 227 354 210 463 412 441 240 164 152 89 44 35 499 223 389 476 287 299 146 378 135 268 57 377 383 427 190 485 334 236 13 153 365 322 162 42 10 15 288 493 64 292 379 114 136 72 486 213 416 91 336 368 98 390 403 71 127 400 464 472 273 459 241 286 340 335 212 373 253 198 444 75 110 342 46 393 437 243 113 168 83 328 294 233 173 84 122 406 62 53 418 371 456 372 185 263 157 193 148 93 401 298 66 85 134 8 344 56 128 258 360 303 95 357 339 477 141 156 430 28 73 309 290 356 202 433 140 58 238 261 180 498 230 467 306 460 413 188 239 417 407 421 189 18 231 346 96 254 296 214 386 86 167 265 16 126 500 392 267 314 166 115 177 68 271 495 351 276 102 431 332 61 191 474 178 487 90 481 313 111 171 82 327 21 229 262 109 404 143 425 118 482 295 466 310 33 259 489 312 291 347 182 397 104 350 14 87 207 311 341 54 289 4 436 3 215 175 112 447 415 326 394 399 6 40 426 304 205 165 12 483 22 277 405 158 490 250 224 147 63 129 100 388 438 246 37 235 195 391 169 24 151 131 435 117 23 197 408 7 133 382 274 11 424 174 387 26 409 67 478 1 217 432 159 222 465 469 70 370 497 219 385 179 9 242 105 429 445 181 317 316 366 375 163 302 97 204 374 220 41 331 2 31 209 138 49 108 81 38 218 454 186 329 260 43 172 139 434 206 381 450 352 20 228 324 355 308 160 475 280 410 244 419 358 343 349 325 106 300 275 76 367 80 154 488 201 107 121 234 395 307 125 301 130 281 94 69 449 255 50 36 51

time: 7 min