average needed generations: 10000
pm: 0.02
pc: 0.35
geneCnt: 200
geneLen: 100
crossover-method: 1
replication-scheme: 0
number of runs: 3
best gene fitness: 1169.151384470591

63 28 88 35 26 156 171 60 133 50 13 71 129 119 55 66 159 44 48 37 68 23 185 177 77 64 47 101 24 128 46 6 25 78 142 21 134 65 113 176 161 76 116 102 160 61 18 33 158 69 79 126 150 85 40 147 27 8 73 93 9 42 72 155 194 105 22 130 41 95 84 104 4 131 197 190 149 98 32 59 199 148 132 30 138 87 167 146 94 163 184 7 91 200 100 5 186 15 173 139 52 137 115 89 164 108 67 151 179 86 198 144 110 188 178 90 195 45 127 136 107 80 174 191 196 16 83 122 106 14 169 114 140 51 10 57 172 74 49 82 182 143 34 109 97 38 165 120 54 58 181 103 135 154 17 19 62 112 11 31 189 2 121 43 141 145 99 175 193 168 75 152 124 117 3 111 118 53 96 157 70 12 162 170 192 92 36 123 153 187 166 180 125 39 183 20 29 1 81 56

time: 3 minutes