1 1150.8254296408224
2 1157.313927128103
3 1160.3729786051413
4 1162.7638675210187
5 1168.196580723872
6 1169.324287727548
7 1174.184190655787
8 1174.5784107848317
9 1175.6628635533887
10 1176.1400409876971
11 1176.3169994126038
12 1176.999022483921
13 1177.9186079520102
14 1178.3040335841797
15 1179.0852361474952
16 1179.208393491722
17 1179.9203161401583
18 1180.6814898203947
19 1180.906989993539
20 1181.311898247218
21 1181.6439866388025
22 1183.8385541988239
23 1184.2100407567023
24 1184.3340883029898
25 1185.7368604610401
26 1187.2694143117742
27 1188.7265274316376
28 1188.8707246701495
29 1189.6884752346828
30 1189.8825844357452
31 1191.873555802588
32 1192.7056404793434
33 1192.9012731640066
34 1193.1996718638352
35 1194.0843017505388
36 1194.530936965146
37 1195.1415744611827
38 1195.2104534922744
39 1195.791890222518
40 1195.8862526330026
41 1196.17588190271
42 1196.3250782544524
43 1196.560168462882
44 1197.9100318852616
45 1198.15765220887
46 1198.6465108128914
47 1200.3942361670777
48 1201.6214012486446
49 1201.735332191533
50 1201.8753369286871
51 1202.214271065649
52 1202.2503896638434
53 1203.3870758967587
54 1203.5729085731434
55 1204.108546178589
56 1204.4271215536653
57 1204.906149052262
58 1205.2009706818224
59 1205.2070155690658
60 1205.4112547856605
61 1206.2887568923297
62 1207.0831342214226
63 1207.6481648663291
64 1207.7534237598563
65 1208.2568605857816
66 1208.9923986755734
67 1209.5249586912767
68 1209.9498502664123
69 1209.9549038647308
70 1210.1795620247647
71 1210.2192823602634
72 1212.5522942631076
73 1213.0000391965723
74 1214.1284172289472
75 1214.5755181221812
76 1216.1287770041154
77 1217.237925212604
78 1217.9430379767618
79 1221.1623740810358
80 1221.9766568603163
81 1224.3474385348945
82 1225.2527981520395
83 1227.2285494386867
84 1228.976537938049
85 1229.9976117373992
86 1230.2961192626092
87 1233.5766189078238
88 1233.8804097461627
89 1241.2630189127392
90 1241.274430992787
91 1248.807424555802
92 1249.4157234487363
93 1251.9005623178234
94 1259.8561926873651
95 1261.432464647923
96 1264.981579705001
97 1266.4857419235043
98 1268.1634185509304
99 1281.7305715030031
100 1283.5095170106108
