0.2 0.9 2000
0.195 0.9 2000
0.19 0.9 2000
0.185 0.9 2000
0.18 0.9 2000
0.175 0.9 2000
0.16999999999999998 0.9 2000
0.16499999999999998 0.9 2000
0.15999999999999998 0.9 2000
0.15499999999999997 0.9 2000
0.14999999999999997 0.9 2000
0.14499999999999996 0.9 2000
0.13999999999999996 0.9 2000
0.13499999999999995 0.9 2000
0.12999999999999995 0.9 2000
0.12499999999999994 0.9 2000
0.11999999999999994 0.9 1275
0.11499999999999994 0.9 153
0.10999999999999993 0.9 77
0.10499999999999993 0.9 49
0.09999999999999992 0.9 34
0.09499999999999992 0.9 30
0.08999999999999991 0.9 28
0.08499999999999991 0.9 22
0.0799999999999999 0.9 21
0.0749999999999999 0.9 18
0.0699999999999999 0.9 18
0.06499999999999989 0.9 15
0.059999999999999894 0.9 14
0.054999999999999896 0.9 13
0.0499999999999999 0.9 13
0.0449999999999999 0.9 11
0.039999999999999904 0.9 11
0.034999999999999906 0.9 10
0.029999999999999905 0.9 11
0.024999999999999904 0.9 10
0.019999999999999903 0.9 10
0.014999999999999902 0.9 10
0.009999999999999901 0.9 9
0.004999999999999901 0.9 9

0.2 0.85 2000
0.195 0.85 2000
0.19 0.85 2000
0.185 0.85 2000
0.18 0.85 2000
0.175 0.85 2000
0.16999999999999998 0.85 2000
0.16499999999999998 0.85 2000
0.15999999999999998 0.85 2000
0.15499999999999997 0.85 2000
0.14999999999999997 0.85 2000
0.14499999999999996 0.85 2000
0.13999999999999996 0.85 2000
0.13499999999999995 0.85 2000
0.12999999999999995 0.85 2000
0.12499999999999994 0.85 2000
0.11999999999999994 0.85 1845
0.11499999999999994 0.85 482
0.10999999999999993 0.85 79
0.10499999999999993 0.85 57
0.09999999999999992 0.85 49
0.09499999999999992 0.85 37
0.08999999999999991 0.85 31
0.08499999999999991 0.85 31
0.0799999999999999 0.85 24
0.0749999999999999 0.85 21
0.0699999999999999 0.85 19
0.06499999999999989 0.85 16
0.059999999999999894 0.85 16
0.054999999999999896 0.85 14
0.0499999999999999 0.85 13
0.0449999999999999 0.85 12
0.039999999999999904 0.85 12
0.034999999999999906 0.85 11
0.029999999999999905 0.85 11
0.024999999999999904 0.85 11
0.019999999999999903 0.85 10
0.014999999999999902 0.85 10
0.009999999999999901 0.85 9
0.004999999999999901 0.85 9

0.2 0.7999999999999999 2000
0.195 0.7999999999999999 2000
0.19 0.7999999999999999 2000
0.185 0.7999999999999999 2000
0.18 0.7999999999999999 2000
0.175 0.7999999999999999 2000
0.16999999999999998 0.7999999999999999 2000
0.16499999999999998 0.7999999999999999 2000
0.15999999999999998 0.7999999999999999 2000
0.15499999999999997 0.7999999999999999 2000
0.14999999999999997 0.7999999999999999 2000
0.14499999999999996 0.7999999999999999 2000
0.13999999999999996 0.7999999999999999 2000
0.13499999999999995 0.7999999999999999 2000
0.12999999999999995 0.7999999999999999 2000
0.12499999999999994 0.7999999999999999 2000
0.11999999999999994 0.7999999999999999 2000
0.11499999999999994 0.7999999999999999 1533
0.10999999999999993 0.7999999999999999 168
0.10499999999999993 0.7999999999999999 71
0.09999999999999992 0.7999999999999999 53
0.09499999999999992 0.7999999999999999 38
0.08999999999999991 0.7999999999999999 36
0.08499999999999991 0.7999999999999999 30
0.0799999999999999 0.7999999999999999 25
0.0749999999999999 0.7999999999999999 20
0.0699999999999999 0.7999999999999999 18
0.06499999999999989 0.7999999999999999 17
0.059999999999999894 0.7999999999999999 17
0.054999999999999896 0.7999999999999999 15
0.0499999999999999 0.7999999999999999 14
0.0449999999999999 0.7999999999999999 14
0.039999999999999904 0.7999999999999999 13
0.034999999999999906 0.7999999999999999 12
0.029999999999999905 0.7999999999999999 12
0.024999999999999904 0.7999999999999999 11
0.019999999999999903 0.7999999999999999 10
0.014999999999999902 0.7999999999999999 10
0.009999999999999901 0.7999999999999999 11
0.004999999999999901 0.7999999999999999 15

0.2 0.7499999999999999 2000
0.195 0.7499999999999999 2000
0.19 0.7499999999999999 2000
0.185 0.7499999999999999 2000
0.18 0.7499999999999999 2000
0.175 0.7499999999999999 2000
0.16999999999999998 0.7499999999999999 2000
0.16499999999999998 0.7499999999999999 2000
0.15999999999999998 0.7499999999999999 2000
0.15499999999999997 0.7499999999999999 2000
0.14999999999999997 0.7499999999999999 2000
0.14499999999999996 0.7499999999999999 2000
0.13999999999999996 0.7499999999999999 2000
0.13499999999999995 0.7499999999999999 2000
0.12999999999999995 0.7499999999999999 2000
0.12499999999999994 0.7499999999999999 2000
0.11999999999999994 0.7499999999999999 2000
0.11499999999999994 0.7499999999999999 1926
0.10999999999999993 0.7499999999999999 714
0.10499999999999993 0.7499999999999999 112
0.09999999999999992 0.7499999999999999 59
0.09499999999999992 0.7499999999999999 45
0.08999999999999991 0.7499999999999999 36
0.08499999999999991 0.7499999999999999 34
0.0799999999999999 0.7499999999999999 28
0.0749999999999999 0.7499999999999999 22
0.0699999999999999 0.7499999999999999 21
0.06499999999999989 0.7499999999999999 20
0.059999999999999894 0.7499999999999999 16
0.054999999999999896 0.7499999999999999 15
0.0499999999999999 0.7499999999999999 15
0.0449999999999999 0.7499999999999999 14
0.039999999999999904 0.7499999999999999 13
0.034999999999999906 0.7499999999999999 13
0.029999999999999905 0.7499999999999999 11
0.024999999999999904 0.7499999999999999 11
0.019999999999999903 0.7499999999999999 10
0.014999999999999902 0.7499999999999999 12
0.009999999999999901 0.7499999999999999 10
0.004999999999999901 0.7499999999999999 9

0.2 0.6999999999999998 2000
0.195 0.6999999999999998 2000
0.19 0.6999999999999998 2000
0.185 0.6999999999999998 2000
0.18 0.6999999999999998 2000
0.175 0.6999999999999998 2000
0.16999999999999998 0.6999999999999998 2000
0.16499999999999998 0.6999999999999998 2000
0.15999999999999998 0.6999999999999998 2000
0.15499999999999997 0.6999999999999998 2000
0.14999999999999997 0.6999999999999998 2000
0.14499999999999996 0.6999999999999998 2000
0.13999999999999996 0.6999999999999998 2000
0.13499999999999995 0.6999999999999998 2000
0.12999999999999995 0.6999999999999998 2000
0.12499999999999994 0.6999999999999998 2000
0.11999999999999994 0.6999999999999998 2000
0.11499999999999994 0.6999999999999998 2000
0.10999999999999993 0.6999999999999998 1766
0.10499999999999993 0.6999999999999998 316
0.09999999999999992 0.6999999999999998 84
0.09499999999999992 0.6999999999999998 47
0.08999999999999991 0.6999999999999998 38
0.08499999999999991 0.6999999999999998 29
0.0799999999999999 0.6999999999999998 27
0.0749999999999999 0.6999999999999998 26
0.0699999999999999 0.6999999999999998 21
0.06499999999999989 0.6999999999999998 19
0.059999999999999894 0.6999999999999998 20
0.054999999999999896 0.6999999999999998 16
0.0499999999999999 0.6999999999999998 16
0.0449999999999999 0.6999999999999998 14
0.039999999999999904 0.6999999999999998 14
0.034999999999999906 0.6999999999999998 14
0.029999999999999905 0.6999999999999998 13
0.024999999999999904 0.6999999999999998 11
0.019999999999999903 0.6999999999999998 11
0.014999999999999902 0.6999999999999998 10
0.009999999999999901 0.6999999999999998 10
0.004999999999999901 0.6999999999999998 10

0.2 0.6499999999999998 2000
0.195 0.6499999999999998 2000
0.19 0.6499999999999998 2000
0.185 0.6499999999999998 2000
0.18 0.6499999999999998 2000
0.175 0.6499999999999998 2000
0.16999999999999998 0.6499999999999998 2000
0.16499999999999998 0.6499999999999998 2000
0.15999999999999998 0.6499999999999998 2000
0.15499999999999997 0.6499999999999998 2000
0.14999999999999997 0.6499999999999998 2000
0.14499999999999996 0.6499999999999998 2000
0.13999999999999996 0.6499999999999998 2000
0.13499999999999995 0.6499999999999998 2000
0.12999999999999995 0.6499999999999998 2000
0.12499999999999994 0.6499999999999998 2000
0.11999999999999994 0.6499999999999998 2000
0.11499999999999994 0.6499999999999998 2000
0.10999999999999993 0.6499999999999998 2000
0.10499999999999993 0.6499999999999998 1065
0.09999999999999992 0.6499999999999998 167
0.09499999999999992 0.6499999999999998 80
0.08999999999999991 0.6499999999999998 51
0.08499999999999991 0.6499999999999998 40
0.0799999999999999 0.6499999999999998 32
0.0749999999999999 0.6499999999999998 27
0.0699999999999999 0.6499999999999998 28
0.06499999999999989 0.6499999999999998 24
0.059999999999999894 0.6499999999999998 20
0.054999999999999896 0.6499999999999998 18
0.0499999999999999 0.6499999999999998 19
0.0449999999999999 0.6499999999999998 15
0.039999999999999904 0.6499999999999998 14
0.034999999999999906 0.6499999999999998 13
0.029999999999999905 0.6499999999999998 12
0.024999999999999904 0.6499999999999998 12
0.019999999999999903 0.6499999999999998 11
0.014999999999999902 0.6499999999999998 11
0.009999999999999901 0.6499999999999998 11
0.004999999999999901 0.6499999999999998 11

0.2 0.5999999999999998 2000
0.195 0.5999999999999998 2000
0.19 0.5999999999999998 2000
0.185 0.5999999999999998 2000
0.18 0.5999999999999998 2000
0.175 0.5999999999999998 2000
0.16999999999999998 0.5999999999999998 2000
0.16499999999999998 0.5999999999999998 2000
0.15999999999999998 0.5999999999999998 2000
0.15499999999999997 0.5999999999999998 2000
0.14999999999999997 0.5999999999999998 2000
0.14499999999999996 0.5999999999999998 2000
0.13999999999999996 0.5999999999999998 2000
0.13499999999999995 0.5999999999999998 2000
0.12999999999999995 0.5999999999999998 2000
0.12499999999999994 0.5999999999999998 2000
0.11999999999999994 0.5999999999999998 2000
0.11499999999999994 0.5999999999999998 2000
0.10999999999999993 0.5999999999999998 2000
0.10499999999999993 0.5999999999999998 2000
0.09999999999999992 0.5999999999999998 796
0.09499999999999992 0.5999999999999998 125
0.08999999999999991 0.5999999999999998 68
0.08499999999999991 0.5999999999999998 48
0.0799999999999999 0.5999999999999998 38
0.0749999999999999 0.5999999999999998 29
0.0699999999999999 0.5999999999999998 26
0.06499999999999989 0.5999999999999998 25
0.059999999999999894 0.5999999999999998 21
0.054999999999999896 0.5999999999999998 21
0.0499999999999999 0.5999999999999998 18
0.0449999999999999 0.5999999999999998 17
0.039999999999999904 0.5999999999999998 15
0.034999999999999906 0.5999999999999998 15
0.029999999999999905 0.5999999999999998 14
0.024999999999999904 0.5999999999999998 13
0.019999999999999903 0.5999999999999998 12
0.014999999999999902 0.5999999999999998 11
0.009999999999999901 0.5999999999999998 11
0.004999999999999901 0.5999999999999998 12

0.2 0.5499999999999997 2000
0.195 0.5499999999999997 2000
0.19 0.5499999999999997 2000
0.185 0.5499999999999997 2000
0.18 0.5499999999999997 2000
0.175 0.5499999999999997 2000
0.16999999999999998 0.5499999999999997 2000
0.16499999999999998 0.5499999999999997 2000
0.15999999999999998 0.5499999999999997 2000
0.15499999999999997 0.5499999999999997 2000
0.14999999999999997 0.5499999999999997 2000
0.14499999999999996 0.5499999999999997 2000
0.13999999999999996 0.5499999999999997 2000
0.13499999999999995 0.5499999999999997 2000
0.12999999999999995 0.5499999999999997 2000
0.12499999999999994 0.5499999999999997 2000
0.11999999999999994 0.5499999999999997 2000
0.11499999999999994 0.5499999999999997 2000
0.10999999999999993 0.5499999999999997 2000
0.10499999999999993 0.5499999999999997 2000
0.09999999999999992 0.5499999999999997 1896
0.09499999999999992 0.5499999999999997 360
0.08999999999999991 0.5499999999999997 99
0.08499999999999991 0.5499999999999997 60
0.0799999999999999 0.5499999999999997 44
0.0749999999999999 0.5499999999999997 34
0.0699999999999999 0.5499999999999997 37
0.06499999999999989 0.5499999999999997 26
0.059999999999999894 0.5499999999999997 23
0.054999999999999896 0.5499999999999997 25
0.0499999999999999 0.5499999999999997 19
0.0449999999999999 0.5499999999999997 20
0.039999999999999904 0.5499999999999997 16
0.034999999999999906 0.5499999999999997 16
0.029999999999999905 0.5499999999999997 15
0.024999999999999904 0.5499999999999997 15
0.019999999999999903 0.5499999999999997 13
0.014999999999999902 0.5499999999999997 12
0.009999999999999901 0.5499999999999997 15
0.004999999999999901 0.5499999999999997 19

0.2 0.4999999999999997 2000
0.195 0.4999999999999997 2000
0.19 0.4999999999999997 2000
0.185 0.4999999999999997 2000
0.18 0.4999999999999997 2000
0.175 0.4999999999999997 2000
0.16999999999999998 0.4999999999999997 2000
0.16499999999999998 0.4999999999999997 2000
0.15999999999999998 0.4999999999999997 2000
0.15499999999999997 0.4999999999999997 2000
0.14999999999999997 0.4999999999999997 2000
0.14499999999999996 0.4999999999999997 2000
0.13999999999999996 0.4999999999999997 2000
0.13499999999999995 0.4999999999999997 2000
0.12999999999999995 0.4999999999999997 2000
0.12499999999999994 0.4999999999999997 2000
0.11999999999999994 0.4999999999999997 2000
0.11499999999999994 0.4999999999999997 2000
0.10999999999999993 0.4999999999999997 2000
0.10499999999999993 0.4999999999999997 2000
0.09999999999999992 0.4999999999999997 2000
0.09499999999999992 0.4999999999999997 1946
0.08999999999999991 0.4999999999999997 333
0.08499999999999991 0.4999999999999997 85
0.0799999999999999 0.4999999999999997 60
0.0749999999999999 0.4999999999999997 45
0.0699999999999999 0.4999999999999997 35
0.06499999999999989 0.4999999999999997 30
0.059999999999999894 0.4999999999999997 28
0.054999999999999896 0.4999999999999997 24
0.0499999999999999 0.4999999999999997 22
0.0449999999999999 0.4999999999999997 20
0.039999999999999904 0.4999999999999997 18
0.034999999999999906 0.4999999999999997 16
0.029999999999999905 0.4999999999999997 15
0.024999999999999904 0.4999999999999997 16
0.019999999999999903 0.4999999999999997 14
0.014999999999999902 0.4999999999999997 17
0.009999999999999901 0.4999999999999997 21
0.004999999999999901 0.4999999999999997 13

0.2 0.44999999999999973 2000
0.195 0.44999999999999973 2000
0.19 0.44999999999999973 2000
0.185 0.44999999999999973 2000
0.18 0.44999999999999973 2000
0.175 0.44999999999999973 2000
0.16999999999999998 0.44999999999999973 2000
0.16499999999999998 0.44999999999999973 2000
0.15999999999999998 0.44999999999999973 2000
0.15499999999999997 0.44999999999999973 2000
0.14999999999999997 0.44999999999999973 2000
0.14499999999999996 0.44999999999999973 2000
0.13999999999999996 0.44999999999999973 2000
0.13499999999999995 0.44999999999999973 2000
0.12999999999999995 0.44999999999999973 2000
0.12499999999999994 0.44999999999999973 2000
0.11999999999999994 0.44999999999999973 2000
0.11499999999999994 0.44999999999999973 2000
0.10999999999999993 0.44999999999999973 2000
0.10499999999999993 0.44999999999999973 2000
0.09999999999999992 0.44999999999999973 2000
0.09499999999999992 0.44999999999999973 2000
0.08999999999999991 0.44999999999999973 1762
0.08499999999999991 0.44999999999999973 330
0.0799999999999999 0.44999999999999973 88
0.0749999999999999 0.44999999999999973 50
0.0699999999999999 0.44999999999999973 45
0.06499999999999989 0.44999999999999973 34
0.059999999999999894 0.44999999999999973 34
0.054999999999999896 0.44999999999999973 28
0.0499999999999999 0.44999999999999973 26
0.0449999999999999 0.44999999999999973 20
0.039999999999999904 0.44999999999999973 19
0.034999999999999906 0.44999999999999973 19
0.029999999999999905 0.44999999999999973 16
0.024999999999999904 0.44999999999999973 15
0.019999999999999903 0.44999999999999973 20
0.014999999999999902 0.44999999999999973 14
0.009999999999999901 0.44999999999999973 23
0.004999999999999901 0.44999999999999973 22

0.2 0.39999999999999974 2000
0.195 0.39999999999999974 2000
0.19 0.39999999999999974 2000
0.185 0.39999999999999974 2000
0.18 0.39999999999999974 2000
0.175 0.39999999999999974 2000
0.16999999999999998 0.39999999999999974 2000
0.16499999999999998 0.39999999999999974 2000
0.15999999999999998 0.39999999999999974 2000
0.15499999999999997 0.39999999999999974 2000
0.14999999999999997 0.39999999999999974 2000
0.14499999999999996 0.39999999999999974 2000
0.13999999999999996 0.39999999999999974 2000
0.13499999999999995 0.39999999999999974 2000
0.12999999999999995 0.39999999999999974 2000
0.12499999999999994 0.39999999999999974 2000
0.11999999999999994 0.39999999999999974 2000
0.11499999999999994 0.39999999999999974 2000
0.10999999999999993 0.39999999999999974 2000
0.10499999999999993 0.39999999999999974 2000
0.09999999999999992 0.39999999999999974 2000
0.09499999999999992 0.39999999999999974 2000
0.08999999999999991 0.39999999999999974 2000
0.08499999999999991 0.39999999999999974 1876
0.0799999999999999 0.39999999999999974 266
0.0749999999999999 0.39999999999999974 98
0.0699999999999999 0.39999999999999974 56
0.06499999999999989 0.39999999999999974 42
0.059999999999999894 0.39999999999999974 38
0.054999999999999896 0.39999999999999974 34
0.0499999999999999 0.39999999999999974 31
0.0449999999999999 0.39999999999999974 25
0.039999999999999904 0.39999999999999974 21
0.034999999999999906 0.39999999999999974 20
0.029999999999999905 0.39999999999999974 24
0.024999999999999904 0.39999999999999974 19
0.019999999999999903 0.39999999999999974 17
0.014999999999999902 0.39999999999999974 18
0.009999999999999901 0.39999999999999974 29
0.004999999999999901 0.39999999999999974 34

0.2 0.34999999999999976 2000
0.195 0.34999999999999976 2000
0.19 0.34999999999999976 2000
0.185 0.34999999999999976 2000
0.18 0.34999999999999976 2000
0.175 0.34999999999999976 2000
0.16999999999999998 0.34999999999999976 2000
0.16499999999999998 0.34999999999999976 2000
0.15999999999999998 0.34999999999999976 2000
0.15499999999999997 0.34999999999999976 2000
0.14999999999999997 0.34999999999999976 2000
0.14499999999999996 0.34999999999999976 2000
0.13999999999999996 0.34999999999999976 2000
0.13499999999999995 0.34999999999999976 2000
0.12999999999999995 0.34999999999999976 2000
0.12499999999999994 0.34999999999999976 2000
0.11999999999999994 0.34999999999999976 2000
0.11499999999999994 0.34999999999999976 2000
0.10999999999999993 0.34999999999999976 2000
0.10499999999999993 0.34999999999999976 2000
0.09999999999999992 0.34999999999999976 2000
0.09499999999999992 0.34999999999999976 2000
0.08999999999999991 0.34999999999999976 2000
0.08499999999999991 0.34999999999999976 2000
0.0799999999999999 0.34999999999999976 2000
0.0749999999999999 0.34999999999999976 477
0.0699999999999999 0.34999999999999976 95
0.06499999999999989 0.34999999999999976 62
0.059999999999999894 0.34999999999999976 50
0.054999999999999896 0.34999999999999976 37
0.0499999999999999 0.34999999999999976 35
0.0449999999999999 0.34999999999999976 29
0.039999999999999904 0.34999999999999976 29
0.034999999999999906 0.34999999999999976 24
0.029999999999999905 0.34999999999999976 23
0.024999999999999904 0.34999999999999976 23
0.019999999999999903 0.34999999999999976 24
0.014999999999999902 0.34999999999999976 23
0.009999999999999901 0.34999999999999976 23
0.004999999999999901 0.34999999999999976 57

0.2 0.29999999999999977 2000
0.195 0.29999999999999977 2000
0.19 0.29999999999999977 2000
0.185 0.29999999999999977 2000
0.18 0.29999999999999977 2000
0.175 0.29999999999999977 2000
0.16999999999999998 0.29999999999999977 2000
0.16499999999999998 0.29999999999999977 2000
0.15999999999999998 0.29999999999999977 2000
0.15499999999999997 0.29999999999999977 2000
0.14999999999999997 0.29999999999999977 2000
0.14499999999999996 0.29999999999999977 2000
0.13999999999999996 0.29999999999999977 2000
0.13499999999999995 0.29999999999999977 2000
0.12999999999999995 0.29999999999999977 2000
0.12499999999999994 0.29999999999999977 2000
0.11999999999999994 0.29999999999999977 2000
0.11499999999999994 0.29999999999999977 2000
0.10999999999999993 0.29999999999999977 2000
0.10499999999999993 0.29999999999999977 2000
0.09999999999999992 0.29999999999999977 2000
0.09499999999999992 0.29999999999999977 2000
0.08999999999999991 0.29999999999999977 2000
0.08499999999999991 0.29999999999999977 2000
0.0799999999999999 0.29999999999999977 2000
0.0749999999999999 0.29999999999999977 1912
0.0699999999999999 0.29999999999999977 729
0.06499999999999989 0.29999999999999977 105
0.059999999999999894 0.29999999999999977 71
0.054999999999999896 0.29999999999999977 52
0.0499999999999999 0.29999999999999977 40
0.0449999999999999 0.29999999999999977 34
0.039999999999999904 0.29999999999999977 29
0.034999999999999906 0.29999999999999977 27
0.029999999999999905 0.29999999999999977 24
0.024999999999999904 0.29999999999999977 24
0.019999999999999903 0.29999999999999977 27
0.014999999999999902 0.29999999999999977 29
0.009999999999999901 0.29999999999999977 34
0.004999999999999901 0.29999999999999977 47

0.2 0.24999999999999978 2000
0.195 0.24999999999999978 2000
0.19 0.24999999999999978 2000
0.185 0.24999999999999978 2000
0.18 0.24999999999999978 2000
0.175 0.24999999999999978 2000
0.16999999999999998 0.24999999999999978 2000
0.16499999999999998 0.24999999999999978 2000
0.15999999999999998 0.24999999999999978 2000
0.15499999999999997 0.24999999999999978 2000
0.14999999999999997 0.24999999999999978 2000
0.14499999999999996 0.24999999999999978 2000
0.13999999999999996 0.24999999999999978 2000
0.13499999999999995 0.24999999999999978 2000
0.12999999999999995 0.24999999999999978 2000
0.12499999999999994 0.24999999999999978 2000
0.11999999999999994 0.24999999999999978 2000
0.11499999999999994 0.24999999999999978 2000
0.10999999999999993 0.24999999999999978 2000
0.10499999999999993 0.24999999999999978 2000
0.09999999999999992 0.24999999999999978 2000
0.09499999999999992 0.24999999999999978 2000
0.08999999999999991 0.24999999999999978 2000
0.08499999999999991 0.24999999999999978 2000
0.0799999999999999 0.24999999999999978 2000
0.0749999999999999 0.24999999999999978 2000
0.0699999999999999 0.24999999999999978 2000
0.06499999999999989 0.24999999999999978 1559
0.059999999999999894 0.24999999999999978 148
0.054999999999999896 0.24999999999999978 69
0.0499999999999999 0.24999999999999978 53
0.0449999999999999 0.24999999999999978 45
0.039999999999999904 0.24999999999999978 36
0.034999999999999906 0.24999999999999978 32
0.029999999999999905 0.24999999999999978 32
0.024999999999999904 0.24999999999999978 27
0.019999999999999903 0.24999999999999978 30
0.014999999999999902 0.24999999999999978 41
0.009999999999999901 0.24999999999999978 44
0.004999999999999901 0.24999999999999978 68

0.2 0.1999999999999998 2000
0.195 0.1999999999999998 2000
0.19 0.1999999999999998 2000
0.185 0.1999999999999998 2000
0.18 0.1999999999999998 2000
0.175 0.1999999999999998 2000
0.16999999999999998 0.1999999999999998 2000
0.16499999999999998 0.1999999999999998 2000
0.15999999999999998 0.1999999999999998 2000
0.15499999999999997 0.1999999999999998 2000
0.14999999999999997 0.1999999999999998 2000
0.14499999999999996 0.1999999999999998 2000
0.13999999999999996 0.1999999999999998 2000
0.13499999999999995 0.1999999999999998 2000
0.12999999999999995 0.1999999999999998 2000
0.12499999999999994 0.1999999999999998 2000
0.11999999999999994 0.1999999999999998 2000
0.11499999999999994 0.1999999999999998 2000
0.10999999999999993 0.1999999999999998 2000
0.10499999999999993 0.1999999999999998 2000
0.09999999999999992 0.1999999999999998 2000
0.09499999999999992 0.1999999999999998 2000
0.08999999999999991 0.1999999999999998 2000
0.08499999999999991 0.1999999999999998 2000
0.0799999999999999 0.1999999999999998 2000
0.0749999999999999 0.1999999999999998 2000
0.0699999999999999 0.1999999999999998 2000
0.06499999999999989 0.1999999999999998 2000
0.059999999999999894 0.1999999999999998 1713
0.054999999999999896 0.1999999999999998 262
0.0499999999999999 0.1999999999999998 98
0.0449999999999999 0.1999999999999998 65
0.039999999999999904 0.1999999999999998 50
0.034999999999999906 0.1999999999999998 47
0.029999999999999905 0.1999999999999998 40
0.024999999999999904 0.1999999999999998 39
0.019999999999999903 0.1999999999999998 40
0.014999999999999902 0.1999999999999998 45
0.009999999999999901 0.1999999999999998 52
0.004999999999999901 0.1999999999999998 96

0.2 0.1499999999999998 2000
0.195 0.1499999999999998 2000
0.19 0.1499999999999998 2000
0.185 0.1499999999999998 2000
0.18 0.1499999999999998 2000
0.175 0.1499999999999998 2000
0.16999999999999998 0.1499999999999998 2000
0.16499999999999998 0.1499999999999998 2000
0.15999999999999998 0.1499999999999998 2000
0.15499999999999997 0.1499999999999998 2000
0.14999999999999997 0.1499999999999998 2000
0.14499999999999996 0.1499999999999998 2000
0.13999999999999996 0.1499999999999998 2000
0.13499999999999995 0.1499999999999998 2000
0.12999999999999995 0.1499999999999998 2000
0.12499999999999994 0.1499999999999998 2000
0.11999999999999994 0.1499999999999998 2000
0.11499999999999994 0.1499999999999998 2000
0.10999999999999993 0.1499999999999998 2000
0.10499999999999993 0.1499999999999998 2000
0.09999999999999992 0.1499999999999998 2000
0.09499999999999992 0.1499999999999998 2000
0.08999999999999991 0.1499999999999998 2000
0.08499999999999991 0.1499999999999998 2000
0.0799999999999999 0.1499999999999998 2000
0.0749999999999999 0.1499999999999998 2000
0.0699999999999999 0.1499999999999998 2000
0.06499999999999989 0.1499999999999998 2000
0.059999999999999894 0.1499999999999998 2000
0.054999999999999896 0.1499999999999998 2000
0.0499999999999999 0.1499999999999998 1359
0.0449999999999999 0.1499999999999998 165
0.039999999999999904 0.1499999999999998 78
0.034999999999999906 0.1499999999999998 63
0.029999999999999905 0.1499999999999998 56
0.024999999999999904 0.1499999999999998 46
0.019999999999999903 0.1499999999999998 46
0.014999999999999902 0.1499999999999998 71
0.009999999999999901 0.1499999999999998 98
0.004999999999999901 0.1499999999999998 150

0.2 0.0999999999999998 2000
0.195 0.0999999999999998 2000
0.19 0.0999999999999998 2000
0.185 0.0999999999999998 2000
0.18 0.0999999999999998 2000
0.175 0.0999999999999998 2000
0.16999999999999998 0.0999999999999998 2000
0.16499999999999998 0.0999999999999998 2000
0.15999999999999998 0.0999999999999998 2000
0.15499999999999997 0.0999999999999998 2000
0.14999999999999997 0.0999999999999998 2000
0.14499999999999996 0.0999999999999998 2000
0.13999999999999996 0.0999999999999998 2000
0.13499999999999995 0.0999999999999998 2000
0.12999999999999995 0.0999999999999998 2000
0.12499999999999994 0.0999999999999998 2000
0.11999999999999994 0.0999999999999998 2000
0.11499999999999994 0.0999999999999998 2000
0.10999999999999993 0.0999999999999998 2000
0.10499999999999993 0.0999999999999998 2000
0.09999999999999992 0.0999999999999998 2000
0.09499999999999992 0.0999999999999998 2000
0.08999999999999991 0.0999999999999998 2000
0.08499999999999991 0.0999999999999998 2000
0.0799999999999999 0.0999999999999998 2000
0.0749999999999999 0.0999999999999998 2000
0.0699999999999999 0.0999999999999998 2000
0.06499999999999989 0.0999999999999998 2000
0.059999999999999894 0.0999999999999998 2000
0.054999999999999896 0.0999999999999998 2000
0.0499999999999999 0.0999999999999998 2000
0.0449999999999999 0.0999999999999998 1947
0.039999999999999904 0.0999999999999998 935
0.034999999999999906 0.0999999999999998 150
0.029999999999999905 0.0999999999999998 91
0.024999999999999904 0.0999999999999998 70
0.019999999999999903 0.0999999999999998 67
0.014999999999999902 0.0999999999999998 114
0.009999999999999901 0.0999999999999998 145
0.004999999999999901 0.0999999999999998 305

0.2 0.049999999999999795 2000
0.195 0.049999999999999795 2000
0.19 0.049999999999999795 2000
0.185 0.049999999999999795 2000
0.18 0.049999999999999795 2000
0.175 0.049999999999999795 2000
0.16999999999999998 0.049999999999999795 2000
0.16499999999999998 0.049999999999999795 2000
0.15999999999999998 0.049999999999999795 2000
0.15499999999999997 0.049999999999999795 2000
0.14999999999999997 0.049999999999999795 2000
0.14499999999999996 0.049999999999999795 2000
0.13999999999999996 0.049999999999999795 2000
0.13499999999999995 0.049999999999999795 2000
0.12999999999999995 0.049999999999999795 2000
0.12499999999999994 0.049999999999999795 2000
0.11999999999999994 0.049999999999999795 2000
0.11499999999999994 0.049999999999999795 2000
0.10999999999999993 0.049999999999999795 2000
0.10499999999999993 0.049999999999999795 2000
0.09999999999999992 0.049999999999999795 2000
0.09499999999999992 0.049999999999999795 2000
0.08999999999999991 0.049999999999999795 2000
0.08499999999999991 0.049999999999999795 2000
0.0799999999999999 0.049999999999999795 2000
0.0749999999999999 0.049999999999999795 2000
0.0699999999999999 0.049999999999999795 2000
0.06499999999999989 0.049999999999999795 2000
0.059999999999999894 0.049999999999999795 2000
0.054999999999999896 0.049999999999999795 2000
0.0499999999999999 0.049999999999999795 2000
0.0449999999999999 0.049999999999999795 2000
0.039999999999999904 0.049999999999999795 2000
0.034999999999999906 0.049999999999999795 2000
0.029999999999999905 0.049999999999999795 1219
0.024999999999999904 0.049999999999999795 213
0.019999999999999903 0.049999999999999795 193
0.014999999999999902 0.049999999999999795 245
0.009999999999999901 0.049999999999999795 276
0.004999999999999901 0.049999999999999795 665
