0.2 0.9 2000
0.195 0.9 2000
0.19 0.9 2000
0.185 0.9 2000
0.18 0.9 2000
0.175 0.9 2000
0.16999999999999998 0.9 2000
0.16499999999999998 0.9 2000
0.15999999999999998 0.9 2000
0.15499999999999997 0.9 2000
0.14999999999999997 0.9 2000
0.14499999999999996 0.9 2000
0.13999999999999996 0.9 2000
0.13499999999999995 0.9 1913
0.12999999999999995 0.9 1937
0.12499999999999994 0.9 1027
0.11999999999999994 0.9 221
0.11499999999999994 0.9 76
0.10999999999999993 0.9 52
0.10499999999999993 0.9 41
0.09999999999999992 0.9 40
0.09499999999999992 0.9 31
0.08999999999999991 0.9 26
0.08499999999999991 0.9 24
0.0799999999999999 0.9 21
0.0749999999999999 0.9 20
0.0699999999999999 0.9 19
0.06499999999999989 0.9 16
0.059999999999999894 0.9 15
0.054999999999999896 0.9 14
0.0499999999999999 0.9 14
0.0449999999999999 0.9 12
0.039999999999999904 0.9 11
0.034999999999999906 0.9 11
0.029999999999999905 0.9 10
0.024999999999999904 0.9 10
0.019999999999999903 0.9 10
0.014999999999999902 0.9 9
0.009999999999999901 0.9 10
0.004999999999999901 0.9 10

0.2 0.85 2000
0.195 0.85 2000
0.19 0.85 2000
0.185 0.85 2000
0.18 0.85 2000
0.175 0.85 2000
0.16999999999999998 0.85 2000
0.16499999999999998 0.85 2000
0.15999999999999998 0.85 2000
0.15499999999999997 0.85 2000
0.14999999999999997 0.85 2000
0.14499999999999996 0.85 2000
0.13999999999999996 0.85 2000
0.13499999999999995 0.85 2000
0.12999999999999995 0.85 2000
0.12499999999999994 0.85 1712
0.11999999999999994 0.85 548
0.11499999999999994 0.85 120
0.10999999999999993 0.85 64
0.10499999999999993 0.85 55
0.09999999999999992 0.85 41
0.09499999999999992 0.85 34
0.08999999999999991 0.85 25
0.08499999999999991 0.85 23
0.0799999999999999 0.85 20
0.0749999999999999 0.85 21
0.0699999999999999 0.85 17
0.06499999999999989 0.85 17
0.059999999999999894 0.85 16
0.054999999999999896 0.85 14
0.0499999999999999 0.85 13
0.0449999999999999 0.85 12
0.039999999999999904 0.85 12
0.034999999999999906 0.85 11
0.029999999999999905 0.85 12
0.024999999999999904 0.85 11
0.019999999999999903 0.85 11
0.014999999999999902 0.85 10
0.009999999999999901 0.85 9
0.004999999999999901 0.85 23

0.2 0.7999999999999999 2000
0.195 0.7999999999999999 2000
0.19 0.7999999999999999 2000
0.185 0.7999999999999999 2000
0.18 0.7999999999999999 2000
0.175 0.7999999999999999 2000
0.16999999999999998 0.7999999999999999 2000
0.16499999999999998 0.7999999999999999 2000
0.15999999999999998 0.7999999999999999 2000
0.15499999999999997 0.7999999999999999 2000
0.14999999999999997 0.7999999999999999 2000
0.14499999999999996 0.7999999999999999 2000
0.13999999999999996 0.7999999999999999 2000
0.13499999999999995 0.7999999999999999 2000
0.12999999999999995 0.7999999999999999 2000
0.12499999999999994 0.7999999999999999 2000
0.11999999999999994 0.7999999999999999 1325
0.11499999999999994 0.7999999999999999 182
0.10999999999999993 0.7999999999999999 80
0.10499999999999993 0.7999999999999999 49
0.09999999999999992 0.7999999999999999 44
0.09499999999999992 0.7999999999999999 34
0.08999999999999991 0.7999999999999999 30
0.08499999999999991 0.7999999999999999 26
0.0799999999999999 0.7999999999999999 24
0.0749999999999999 0.7999999999999999 21
0.0699999999999999 0.7999999999999999 19
0.06499999999999989 0.7999999999999999 19
0.059999999999999894 0.7999999999999999 17
0.054999999999999896 0.7999999999999999 15
0.0499999999999999 0.7999999999999999 13
0.0449999999999999 0.7999999999999999 12
0.039999999999999904 0.7999999999999999 13
0.034999999999999906 0.7999999999999999 12
0.029999999999999905 0.7999999999999999 11
0.024999999999999904 0.7999999999999999 11
0.019999999999999903 0.7999999999999999 11
0.014999999999999902 0.7999999999999999 11
0.009999999999999901 0.7999999999999999 10
0.004999999999999901 0.7999999999999999 9

0.2 0.7499999999999999 2000
0.195 0.7499999999999999 2000
0.19 0.7499999999999999 2000
0.185 0.7499999999999999 2000
0.18 0.7499999999999999 2000
0.175 0.7499999999999999 2000
0.16999999999999998 0.7499999999999999 2000
0.16499999999999998 0.7499999999999999 2000
0.15999999999999998 0.7499999999999999 2000
0.15499999999999997 0.7499999999999999 2000
0.14999999999999997 0.7499999999999999 2000
0.14499999999999996 0.7499999999999999 2000
0.13999999999999996 0.7499999999999999 2000
0.13499999999999995 0.7499999999999999 2000
0.12999999999999995 0.7499999999999999 2000
0.12499999999999994 0.7499999999999999 2000
0.11999999999999994 0.7499999999999999 2000
0.11499999999999994 0.7499999999999999 631
0.10999999999999993 0.7499999999999999 161
0.10499999999999993 0.7499999999999999 66
0.09999999999999992 0.7499999999999999 45
0.09499999999999992 0.7499999999999999 41
0.08999999999999991 0.7499999999999999 34
0.08499999999999991 0.7499999999999999 26
0.0799999999999999 0.7499999999999999 26
0.0749999999999999 0.7499999999999999 21
0.0699999999999999 0.7499999999999999 19
0.06499999999999989 0.7499999999999999 18
0.059999999999999894 0.7499999999999999 17
0.054999999999999896 0.7499999999999999 15
0.0499999999999999 0.7499999999999999 13
0.0449999999999999 0.7499999999999999 14
0.039999999999999904 0.7499999999999999 12
0.034999999999999906 0.7499999999999999 13
0.029999999999999905 0.7499999999999999 12
0.024999999999999904 0.7499999999999999 12
0.019999999999999903 0.7499999999999999 10
0.014999999999999902 0.7499999999999999 10
0.009999999999999901 0.7499999999999999 11
0.004999999999999901 0.7499999999999999 12

0.2 0.6999999999999998 2000
0.195 0.6999999999999998 2000
0.19 0.6999999999999998 2000
0.185 0.6999999999999998 2000
0.18 0.6999999999999998 2000
0.175 0.6999999999999998 2000
0.16999999999999998 0.6999999999999998 2000
0.16499999999999998 0.6999999999999998 2000
0.15999999999999998 0.6999999999999998 2000
0.15499999999999997 0.6999999999999998 2000
0.14999999999999997 0.6999999999999998 2000
0.14499999999999996 0.6999999999999998 2000
0.13999999999999996 0.6999999999999998 2000
0.13499999999999995 0.6999999999999998 2000
0.12999999999999995 0.6999999999999998 2000
0.12499999999999994 0.6999999999999998 2000
0.11999999999999994 0.6999999999999998 1950
0.11499999999999994 0.6999999999999998 1537
0.10999999999999993 0.6999999999999998 320
0.10499999999999993 0.6999999999999998 100
0.09999999999999992 0.6999999999999998 61
0.09499999999999992 0.6999999999999998 49
0.08999999999999991 0.6999999999999998 36
0.08499999999999991 0.6999999999999998 30
0.0799999999999999 0.6999999999999998 27
0.0749999999999999 0.6999999999999998 23
0.0699999999999999 0.6999999999999998 21
0.06499999999999989 0.6999999999999998 19
0.059999999999999894 0.6999999999999998 18
0.054999999999999896 0.6999999999999998 17
0.0499999999999999 0.6999999999999998 15
0.0449999999999999 0.6999999999999998 14
0.039999999999999904 0.6999999999999998 14
0.034999999999999906 0.6999999999999998 13
0.029999999999999905 0.6999999999999998 12
0.024999999999999904 0.6999999999999998 11
0.019999999999999903 0.6999999999999998 12
0.014999999999999902 0.6999999999999998 11
0.009999999999999901 0.6999999999999998 12
0.004999999999999901 0.6999999999999998 15

0.2 0.6499999999999998 2000
0.195 0.6499999999999998 2000
0.19 0.6499999999999998 2000
0.185 0.6499999999999998 2000
0.18 0.6499999999999998 2000
0.175 0.6499999999999998 2000
0.16999999999999998 0.6499999999999998 2000
0.16499999999999998 0.6499999999999998 2000
0.15999999999999998 0.6499999999999998 2000
0.15499999999999997 0.6499999999999998 2000
0.14999999999999997 0.6499999999999998 2000
0.14499999999999996 0.6499999999999998 2000
0.13999999999999996 0.6499999999999998 2000
0.13499999999999995 0.6499999999999998 2000
0.12999999999999995 0.6499999999999998 2000
0.12499999999999994 0.6499999999999998 2000
0.11999999999999994 0.6499999999999998 2000
0.11499999999999994 0.6499999999999998 2000
0.10999999999999993 0.6499999999999998 1477
0.10499999999999993 0.6499999999999998 225
0.09999999999999992 0.6499999999999998 87
0.09499999999999992 0.6499999999999998 56
0.08999999999999991 0.6499999999999998 43
0.08499999999999991 0.6499999999999998 37
0.0799999999999999 0.6499999999999998 30
0.0749999999999999 0.6499999999999998 25
0.0699999999999999 0.6499999999999998 23
0.06499999999999989 0.6499999999999998 20
0.059999999999999894 0.6499999999999998 18
0.054999999999999896 0.6499999999999998 18
0.0499999999999999 0.6499999999999998 16
0.0449999999999999 0.6499999999999998 14
0.039999999999999904 0.6499999999999998 15
0.034999999999999906 0.6499999999999998 13
0.029999999999999905 0.6499999999999998 13
0.024999999999999904 0.6499999999999998 13
0.019999999999999903 0.6499999999999998 11
0.014999999999999902 0.6499999999999998 12
0.009999999999999901 0.6499999999999998 10
0.004999999999999901 0.6499999999999998 11

0.2 0.5999999999999998 2000
0.195 0.5999999999999998 2000
0.19 0.5999999999999998 2000
0.185 0.5999999999999998 2000
0.18 0.5999999999999998 2000
0.175 0.5999999999999998 2000
0.16999999999999998 0.5999999999999998 2000
0.16499999999999998 0.5999999999999998 2000
0.15999999999999998 0.5999999999999998 2000
0.15499999999999997 0.5999999999999998 2000
0.14999999999999997 0.5999999999999998 2000
0.14499999999999996 0.5999999999999998 2000
0.13999999999999996 0.5999999999999998 2000
0.13499999999999995 0.5999999999999998 2000
0.12999999999999995 0.5999999999999998 2000
0.12499999999999994 0.5999999999999998 2000
0.11999999999999994 0.5999999999999998 2000
0.11499999999999994 0.5999999999999998 2000
0.10999999999999993 0.5999999999999998 1898
0.10499999999999993 0.5999999999999998 701
0.09999999999999992 0.5999999999999998 123
0.09499999999999992 0.5999999999999998 79
0.08999999999999991 0.5999999999999998 50
0.08499999999999991 0.5999999999999998 37
0.0799999999999999 0.5999999999999998 31
0.0749999999999999 0.5999999999999998 30
0.0699999999999999 0.5999999999999998 25
0.06499999999999989 0.5999999999999998 24
0.059999999999999894 0.5999999999999998 20
0.054999999999999896 0.5999999999999998 18
0.0499999999999999 0.5999999999999998 18
0.0449999999999999 0.5999999999999998 16
0.039999999999999904 0.5999999999999998 15
0.034999999999999906 0.5999999999999998 14
0.029999999999999905 0.5999999999999998 13
0.024999999999999904 0.5999999999999998 13
0.019999999999999903 0.5999999999999998 12
0.014999999999999902 0.5999999999999998 13
0.009999999999999901 0.5999999999999998 14
0.004999999999999901 0.5999999999999998 26

0.2 0.5499999999999997 2000
0.195 0.5499999999999997 2000
0.19 0.5499999999999997 2000
0.185 0.5499999999999997 2000
0.18 0.5499999999999997 2000
0.175 0.5499999999999997 2000
0.16999999999999998 0.5499999999999997 2000
0.16499999999999998 0.5499999999999997 2000
0.15999999999999998 0.5499999999999997 2000
0.15499999999999997 0.5499999999999997 2000
0.14999999999999997 0.5499999999999997 2000
0.14499999999999996 0.5499999999999997 2000
0.13999999999999996 0.5499999999999997 2000
0.13499999999999995 0.5499999999999997 2000
0.12999999999999995 0.5499999999999997 2000
0.12499999999999994 0.5499999999999997 2000
0.11999999999999994 0.5499999999999997 2000
0.11499999999999994 0.5499999999999997 2000
0.10999999999999993 0.5499999999999997 2000
0.10499999999999993 0.5499999999999997 1758
0.09999999999999992 0.5499999999999997 369
0.09499999999999992 0.5499999999999997 98
0.08999999999999991 0.5499999999999997 63
0.08499999999999991 0.5499999999999997 49
0.0799999999999999 0.5499999999999997 36
0.0749999999999999 0.5499999999999997 32
0.0699999999999999 0.5499999999999997 27
0.06499999999999989 0.5499999999999997 26
0.059999999999999894 0.5499999999999997 23
0.054999999999999896 0.5499999999999997 20
0.0499999999999999 0.5499999999999997 18
0.0449999999999999 0.5499999999999997 17
0.039999999999999904 0.5499999999999997 16
0.034999999999999906 0.5499999999999997 16
0.029999999999999905 0.5499999999999997 14
0.024999999999999904 0.5499999999999997 14
0.019999999999999903 0.5499999999999997 13
0.014999999999999902 0.5499999999999997 14
0.009999999999999901 0.5499999999999997 14
0.004999999999999901 0.5499999999999997 15

0.2 0.4999999999999997 2000
0.195 0.4999999999999997 2000
0.19 0.4999999999999997 2000
0.185 0.4999999999999997 2000
0.18 0.4999999999999997 2000
0.175 0.4999999999999997 2000
0.16999999999999998 0.4999999999999997 2000
0.16499999999999998 0.4999999999999997 2000
0.15999999999999998 0.4999999999999997 2000
0.15499999999999997 0.4999999999999997 2000
0.14999999999999997 0.4999999999999997 2000
0.14499999999999996 0.4999999999999997 2000
0.13999999999999996 0.4999999999999997 2000
0.13499999999999995 0.4999999999999997 2000
0.12999999999999995 0.4999999999999997 2000
0.12499999999999994 0.4999999999999997 2000
0.11999999999999994 0.4999999999999997 2000
0.11499999999999994 0.4999999999999997 2000
0.10999999999999993 0.4999999999999997 2000
0.10499999999999993 0.4999999999999997 2000
0.09999999999999992 0.4999999999999997 1727
0.09499999999999992 0.4999999999999997 299
0.08999999999999991 0.4999999999999997 105
0.08499999999999991 0.4999999999999997 60
0.0799999999999999 0.4999999999999997 50
0.0749999999999999 0.4999999999999997 36
0.0699999999999999 0.4999999999999997 31
0.06499999999999989 0.4999999999999997 29
0.059999999999999894 0.4999999999999997 25
0.054999999999999896 0.4999999999999997 22
0.0499999999999999 0.4999999999999997 21
0.0449999999999999 0.4999999999999997 18
0.039999999999999904 0.4999999999999997 18
0.034999999999999906 0.4999999999999997 16
0.029999999999999905 0.4999999999999997 16
0.024999999999999904 0.4999999999999997 15
0.019999999999999903 0.4999999999999997 14
0.014999999999999902 0.4999999999999997 15
0.009999999999999901 0.4999999999999997 17
0.004999999999999901 0.4999999999999997 22

0.2 0.44999999999999973 2000
0.195 0.44999999999999973 2000
0.19 0.44999999999999973 2000
0.185 0.44999999999999973 2000
0.18 0.44999999999999973 2000
0.175 0.44999999999999973 2000
0.16999999999999998 0.44999999999999973 2000
0.16499999999999998 0.44999999999999973 2000
0.15999999999999998 0.44999999999999973 2000
0.15499999999999997 0.44999999999999973 2000
0.14999999999999997 0.44999999999999973 2000
0.14499999999999996 0.44999999999999973 2000
0.13999999999999996 0.44999999999999973 2000
0.13499999999999995 0.44999999999999973 2000
0.12999999999999995 0.44999999999999973 2000
0.12499999999999994 0.44999999999999973 2000
0.11999999999999994 0.44999999999999973 2000
0.11499999999999994 0.44999999999999973 2000
0.10999999999999993 0.44999999999999973 2000
0.10499999999999993 0.44999999999999973 2000
0.09999999999999992 0.44999999999999973 1933
0.09499999999999992 0.44999999999999973 1589
0.08999999999999991 0.44999999999999973 234
0.08499999999999991 0.44999999999999973 89
0.0799999999999999 0.44999999999999973 64
0.0749999999999999 0.44999999999999973 48
0.0699999999999999 0.44999999999999973 37
0.06499999999999989 0.44999999999999973 33
0.059999999999999894 0.44999999999999973 29
0.054999999999999896 0.44999999999999973 25
0.0499999999999999 0.44999999999999973 21
0.0449999999999999 0.44999999999999973 22
0.039999999999999904 0.44999999999999973 19
0.034999999999999906 0.44999999999999973 19
0.029999999999999905 0.44999999999999973 17
0.024999999999999904 0.44999999999999973 15
0.019999999999999903 0.44999999999999973 16
0.014999999999999902 0.44999999999999973 17
0.009999999999999901 0.44999999999999973 17
0.004999999999999901 0.44999999999999973 21

0.2 0.39999999999999974 2000
0.195 0.39999999999999974 2000
0.19 0.39999999999999974 2000
0.185 0.39999999999999974 2000
0.18 0.39999999999999974 2000
0.175 0.39999999999999974 2000
0.16999999999999998 0.39999999999999974 2000
0.16499999999999998 0.39999999999999974 2000
0.15999999999999998 0.39999999999999974 2000
0.15499999999999997 0.39999999999999974 2000
0.14999999999999997 0.39999999999999974 2000
0.14499999999999996 0.39999999999999974 2000
0.13999999999999996 0.39999999999999974 2000
0.13499999999999995 0.39999999999999974 2000
0.12999999999999995 0.39999999999999974 2000
0.12499999999999994 0.39999999999999974 2000
0.11999999999999994 0.39999999999999974 2000
0.11499999999999994 0.39999999999999974 2000
0.10999999999999993 0.39999999999999974 2000
0.10499999999999993 0.39999999999999974 2000
0.09999999999999992 0.39999999999999974 2000
0.09499999999999992 0.39999999999999974 2000
0.08999999999999991 0.39999999999999974 1862
0.08499999999999991 0.39999999999999974 299
0.0799999999999999 0.39999999999999974 97
0.0749999999999999 0.39999999999999974 66
0.0699999999999999 0.39999999999999974 43
0.06499999999999989 0.39999999999999974 36
0.059999999999999894 0.39999999999999974 35
0.054999999999999896 0.39999999999999974 27
0.0499999999999999 0.39999999999999974 22
0.0449999999999999 0.39999999999999974 23
0.039999999999999904 0.39999999999999974 23
0.034999999999999906 0.39999999999999974 21
0.029999999999999905 0.39999999999999974 19
0.024999999999999904 0.39999999999999974 18
0.019999999999999903 0.39999999999999974 17
0.014999999999999902 0.39999999999999974 15
0.009999999999999901 0.39999999999999974 19
0.004999999999999901 0.39999999999999974 44

0.2 0.34999999999999976 2000
0.195 0.34999999999999976 2000
0.19 0.34999999999999976 2000
0.185 0.34999999999999976 2000
0.18 0.34999999999999976 2000
0.175 0.34999999999999976 2000
0.16999999999999998 0.34999999999999976 2000
0.16499999999999998 0.34999999999999976 2000
0.15999999999999998 0.34999999999999976 2000
0.15499999999999997 0.34999999999999976 2000
0.14999999999999997 0.34999999999999976 2000
0.14499999999999996 0.34999999999999976 2000
0.13999999999999996 0.34999999999999976 2000
0.13499999999999995 0.34999999999999976 2000
0.12999999999999995 0.34999999999999976 2000
0.12499999999999994 0.34999999999999976 2000
0.11999999999999994 0.34999999999999976 2000
0.11499999999999994 0.34999999999999976 2000
0.10999999999999993 0.34999999999999976 2000
0.10499999999999993 0.34999999999999976 2000
0.09999999999999992 0.34999999999999976 2000
0.09499999999999992 0.34999999999999976 2000
0.08999999999999991 0.34999999999999976 2000
0.08499999999999991 0.34999999999999976 1723
0.0799999999999999 0.34999999999999976 312
0.0749999999999999 0.34999999999999976 100
0.0699999999999999 0.34999999999999976 67
0.06499999999999989 0.34999999999999976 46
0.059999999999999894 0.34999999999999976 37
0.054999999999999896 0.34999999999999976 33
0.0499999999999999 0.34999999999999976 30
0.0449999999999999 0.34999999999999976 27
0.039999999999999904 0.34999999999999976 26
0.034999999999999906 0.34999999999999976 20
0.029999999999999905 0.34999999999999976 22
0.024999999999999904 0.34999999999999976 19
0.019999999999999903 0.34999999999999976 20
0.014999999999999902 0.34999999999999976 23
0.009999999999999901 0.34999999999999976 27
0.004999999999999901 0.34999999999999976 47

0.2 0.29999999999999977 2000
0.195 0.29999999999999977 2000
0.19 0.29999999999999977 2000
0.185 0.29999999999999977 2000
0.18 0.29999999999999977 2000
0.175 0.29999999999999977 2000
0.16999999999999998 0.29999999999999977 2000
0.16499999999999998 0.29999999999999977 2000
0.15999999999999998 0.29999999999999977 2000
0.15499999999999997 0.29999999999999977 2000
0.14999999999999997 0.29999999999999977 2000
0.14499999999999996 0.29999999999999977 2000
0.13999999999999996 0.29999999999999977 2000
0.13499999999999995 0.29999999999999977 2000
0.12999999999999995 0.29999999999999977 2000
0.12499999999999994 0.29999999999999977 2000
0.11999999999999994 0.29999999999999977 2000
0.11499999999999994 0.29999999999999977 2000
0.10999999999999993 0.29999999999999977 2000
0.10499999999999993 0.29999999999999977 2000
0.09999999999999992 0.29999999999999977 2000
0.09499999999999992 0.29999999999999977 2000
0.08999999999999991 0.29999999999999977 2000
0.08499999999999991 0.29999999999999977 2000
0.0799999999999999 0.29999999999999977 1821
0.0749999999999999 0.29999999999999977 453
0.0699999999999999 0.29999999999999977 117
0.06499999999999989 0.29999999999999977 69
0.059999999999999894 0.29999999999999977 46
0.054999999999999896 0.29999999999999977 42
0.0499999999999999 0.29999999999999977 33
0.0449999999999999 0.29999999999999977 29
0.039999999999999904 0.29999999999999977 27
0.034999999999999906 0.29999999999999977 23
0.029999999999999905 0.29999999999999977 22
0.024999999999999904 0.29999999999999977 21
0.019999999999999903 0.29999999999999977 21
0.014999999999999902 0.29999999999999977 23
0.009999999999999901 0.29999999999999977 31
0.004999999999999901 0.29999999999999977 47

0.2 0.24999999999999978 2000
0.195 0.24999999999999978 2000
0.19 0.24999999999999978 2000
0.185 0.24999999999999978 2000
0.18 0.24999999999999978 2000
0.175 0.24999999999999978 2000
0.16999999999999998 0.24999999999999978 2000
0.16499999999999998 0.24999999999999978 2000
0.15999999999999998 0.24999999999999978 2000
0.15499999999999997 0.24999999999999978 2000
0.14999999999999997 0.24999999999999978 2000
0.14499999999999996 0.24999999999999978 2000
0.13999999999999996 0.24999999999999978 2000
0.13499999999999995 0.24999999999999978 2000
0.12999999999999995 0.24999999999999978 2000
0.12499999999999994 0.24999999999999978 2000
0.11999999999999994 0.24999999999999978 2000
0.11499999999999994 0.24999999999999978 2000
0.10999999999999993 0.24999999999999978 2000
0.10499999999999993 0.24999999999999978 2000
0.09999999999999992 0.24999999999999978 2000
0.09499999999999992 0.24999999999999978 2000
0.08999999999999991 0.24999999999999978 2000
0.08499999999999991 0.24999999999999978 2000
0.0799999999999999 0.24999999999999978 2000
0.0749999999999999 0.24999999999999978 1957
0.0699999999999999 0.24999999999999978 893
0.06499999999999989 0.24999999999999978 123
0.059999999999999894 0.24999999999999978 71
0.054999999999999896 0.24999999999999978 58
0.0499999999999999 0.24999999999999978 45
0.0449999999999999 0.24999999999999978 37
0.039999999999999904 0.24999999999999978 37
0.034999999999999906 0.24999999999999978 29
0.029999999999999905 0.24999999999999978 30
0.024999999999999904 0.24999999999999978 29
0.019999999999999903 0.24999999999999978 27
0.014999999999999902 0.24999999999999978 28
0.009999999999999901 0.24999999999999978 46
0.004999999999999901 0.24999999999999978 76

0.2 0.1999999999999998 2000
0.195 0.1999999999999998 2000
0.19 0.1999999999999998 2000
0.185 0.1999999999999998 2000
0.18 0.1999999999999998 2000
0.175 0.1999999999999998 2000
0.16999999999999998 0.1999999999999998 2000
0.16499999999999998 0.1999999999999998 2000
0.15999999999999998 0.1999999999999998 2000
0.15499999999999997 0.1999999999999998 2000
0.14999999999999997 0.1999999999999998 2000
0.14499999999999996 0.1999999999999998 2000
0.13999999999999996 0.1999999999999998 2000
0.13499999999999995 0.1999999999999998 2000
0.12999999999999995 0.1999999999999998 2000
0.12499999999999994 0.1999999999999998 2000
0.11999999999999994 0.1999999999999998 2000
0.11499999999999994 0.1999999999999998 2000
0.10999999999999993 0.1999999999999998 2000
0.10499999999999993 0.1999999999999998 2000
0.09999999999999992 0.1999999999999998 2000
0.09499999999999992 0.1999999999999998 2000
0.08999999999999991 0.1999999999999998 2000
0.08499999999999991 0.1999999999999998 2000
0.0799999999999999 0.1999999999999998 2000
0.0749999999999999 0.1999999999999998 2000
0.0699999999999999 0.1999999999999998 2000
0.06499999999999989 0.1999999999999998 1691
0.059999999999999894 0.1999999999999998 183
0.054999999999999896 0.1999999999999998 97
0.0499999999999999 0.1999999999999998 66
0.0449999999999999 0.1999999999999998 55
0.039999999999999904 0.1999999999999998 44
0.034999999999999906 0.1999999999999998 40
0.029999999999999905 0.1999999999999998 34
0.024999999999999904 0.1999999999999998 33
0.019999999999999903 0.1999999999999998 36
0.014999999999999902 0.1999999999999998 38
0.009999999999999901 0.1999999999999998 50
0.004999999999999901 0.1999999999999998 177

0.2 0.1499999999999998 2000
0.195 0.1499999999999998 2000
0.19 0.1499999999999998 2000
0.185 0.1499999999999998 2000
0.18 0.1499999999999998 2000
0.175 0.1499999999999998 2000
0.16999999999999998 0.1499999999999998 2000
0.16499999999999998 0.1499999999999998 2000
0.15999999999999998 0.1499999999999998 2000
0.15499999999999997 0.1499999999999998 2000
0.14999999999999997 0.1499999999999998 2000
0.14499999999999996 0.1499999999999998 2000
0.13999999999999996 0.1499999999999998 2000
0.13499999999999995 0.1499999999999998 2000
0.12999999999999995 0.1499999999999998 2000
0.12499999999999994 0.1499999999999998 2000
0.11999999999999994 0.1499999999999998 2000
0.11499999999999994 0.1499999999999998 2000
0.10999999999999993 0.1499999999999998 2000
0.10499999999999993 0.1499999999999998 2000
0.09999999999999992 0.1499999999999998 2000
0.09499999999999992 0.1499999999999998 2000
0.08999999999999991 0.1499999999999998 2000
0.08499999999999991 0.1499999999999998 2000
0.0799999999999999 0.1499999999999998 2000
0.0749999999999999 0.1499999999999998 2000
0.0699999999999999 0.1499999999999998 2000
0.06499999999999989 0.1499999999999998 2000
0.059999999999999894 0.1499999999999998 1965
0.054999999999999896 0.1499999999999998 538
0.0499999999999999 0.1499999999999998 145
0.0449999999999999 0.1499999999999998 78
0.039999999999999904 0.1499999999999998 56
0.034999999999999906 0.1499999999999998 49
0.029999999999999905 0.1499999999999998 45
0.024999999999999904 0.1499999999999998 44
0.019999999999999903 0.1499999999999998 51
0.014999999999999902 0.1499999999999998 55
0.009999999999999901 0.1499999999999998 85
0.004999999999999901 0.1499999999999998 106

0.2 0.0999999999999998 2000
0.195 0.0999999999999998 2000
0.19 0.0999999999999998 2000
0.185 0.0999999999999998 2000
0.18 0.0999999999999998 2000
0.175 0.0999999999999998 2000
0.16999999999999998 0.0999999999999998 2000
0.16499999999999998 0.0999999999999998 2000
0.15999999999999998 0.0999999999999998 2000
0.15499999999999997 0.0999999999999998 2000
0.14999999999999997 0.0999999999999998 2000
0.14499999999999996 0.0999999999999998 2000
0.13999999999999996 0.0999999999999998 2000
0.13499999999999995 0.0999999999999998 2000
0.12999999999999995 0.0999999999999998 2000
0.12499999999999994 0.0999999999999998 2000
0.11999999999999994 0.0999999999999998 2000
0.11499999999999994 0.0999999999999998 2000
0.10999999999999993 0.0999999999999998 2000
0.10499999999999993 0.0999999999999998 2000
0.09999999999999992 0.0999999999999998 2000
0.09499999999999992 0.0999999999999998 2000
0.08999999999999991 0.0999999999999998 2000
0.08499999999999991 0.0999999999999998 2000
0.0799999999999999 0.0999999999999998 2000
0.0749999999999999 0.0999999999999998 2000
0.0699999999999999 0.0999999999999998 2000
0.06499999999999989 0.0999999999999998 2000
0.059999999999999894 0.0999999999999998 2000
0.054999999999999896 0.0999999999999998 2000
0.0499999999999999 0.0999999999999998 1879
0.0449999999999999 0.0999999999999998 276
0.039999999999999904 0.0999999999999998 133
0.034999999999999906 0.0999999999999998 98
0.029999999999999905 0.0999999999999998 72
0.024999999999999904 0.0999999999999998 71
0.019999999999999903 0.0999999999999998 67
0.014999999999999902 0.0999999999999998 80
0.009999999999999901 0.0999999999999998 122
0.004999999999999901 0.0999999999999998 195

0.2 0.049999999999999795 2000
0.195 0.049999999999999795 2000
0.19 0.049999999999999795 2000
0.185 0.049999999999999795 2000
0.18 0.049999999999999795 2000
0.175 0.049999999999999795 2000
0.16999999999999998 0.049999999999999795 2000
0.16499999999999998 0.049999999999999795 2000
0.15999999999999998 0.049999999999999795 2000
0.15499999999999997 0.049999999999999795 2000
0.14999999999999997 0.049999999999999795 2000
0.14499999999999996 0.049999999999999795 2000
0.13999999999999996 0.049999999999999795 2000
0.13499999999999995 0.049999999999999795 2000
0.12999999999999995 0.049999999999999795 2000
0.12499999999999994 0.049999999999999795 2000
0.11999999999999994 0.049999999999999795 2000
0.11499999999999994 0.049999999999999795 2000
0.10999999999999993 0.049999999999999795 2000
0.10499999999999993 0.049999999999999795 2000
0.09999999999999992 0.049999999999999795 2000
0.09499999999999992 0.049999999999999795 2000
0.08999999999999991 0.049999999999999795 2000
0.08499999999999991 0.049999999999999795 2000
0.0799999999999999 0.049999999999999795 2000
0.0749999999999999 0.049999999999999795 2000
0.0699999999999999 0.049999999999999795 2000
0.06499999999999989 0.049999999999999795 2000
0.059999999999999894 0.049999999999999795 2000
0.054999999999999896 0.049999999999999795 2000
0.0499999999999999 0.049999999999999795 2000
0.0449999999999999 0.049999999999999795 2000
0.039999999999999904 0.049999999999999795 2000
0.034999999999999906 0.049999999999999795 1147
0.029999999999999905 0.049999999999999795 185
0.024999999999999904 0.049999999999999795 147
0.019999999999999903 0.049999999999999795 144
0.014999999999999902 0.049999999999999795 175
0.009999999999999901 0.049999999999999795 309
0.004999999999999901 0.049999999999999795 631
