0.2 0.9 2000
0.195 0.9 2000
0.19 0.9 2000
0.185 0.9 2000
0.18 0.9 2000
0.175 0.9 2000
0.16999999999999998 0.9 2000
0.16499999999999998 0.9 1921
0.15999999999999998 0.9 1625
0.15499999999999997 0.9 673
0.14999999999999997 0.9 236
0.14499999999999996 0.9 157
0.13999999999999996 0.9 92
0.13499999999999995 0.9 58
0.12999999999999995 0.9 46
0.12499999999999994 0.9 46
0.11999999999999994 0.9 38
0.11499999999999994 0.9 36
0.10999999999999993 0.9 41
0.10499999999999993 0.9 31
0.09999999999999992 0.9 27
0.09499999999999992 0.9 26
0.08999999999999991 0.9 26
0.08499999999999991 0.9 23
0.0799999999999999 0.9 23
0.0749999999999999 0.9 20
0.0699999999999999 0.9 21
0.06499999999999989 0.9 22
0.059999999999999894 0.9 18
0.054999999999999896 0.9 19
0.0499999999999999 0.9 19
0.0449999999999999 0.9 20
0.039999999999999904 0.9 18
0.034999999999999906 0.9 20
0.029999999999999905 0.9 21
0.024999999999999904 0.9 23
0.019999999999999903 0.9 28
0.014999999999999902 0.9 41
0.009999999999999901 0.9 43
0.004999999999999901 0.9 164

0.2 0.85 2000
0.195 0.85 2000
0.19 0.85 2000
0.185 0.85 2000
0.18 0.85 2000
0.175 0.85 2000
0.16999999999999998 0.85 2000
0.16499999999999998 0.85 2000
0.15999999999999998 0.85 1699
0.15499999999999997 0.85 1383
0.14999999999999997 0.85 477
0.14499999999999996 0.85 156
0.13999999999999996 0.85 104
0.13499999999999995 0.85 69
0.12999999999999995 0.85 56
0.12499999999999994 0.85 50
0.11999999999999994 0.85 43
0.11499999999999994 0.85 39
0.10999999999999993 0.85 34
0.10499999999999993 0.85 36
0.09999999999999992 0.85 28
0.09499999999999992 0.85 32
0.08999999999999991 0.85 24
0.08499999999999991 0.85 22
0.0799999999999999 0.85 26
0.0749999999999999 0.85 22
0.0699999999999999 0.85 21
0.06499999999999989 0.85 20
0.059999999999999894 0.85 19
0.054999999999999896 0.85 20
0.0499999999999999 0.85 17
0.0449999999999999 0.85 19
0.039999999999999904 0.85 18
0.034999999999999906 0.85 19
0.029999999999999905 0.85 25
0.024999999999999904 0.85 26
0.019999999999999903 0.85 25
0.014999999999999902 0.85 41
0.009999999999999901 0.85 62
0.004999999999999901 0.85 135

0.2 0.7999999999999999 2000
0.195 0.7999999999999999 2000
0.19 0.7999999999999999 2000
0.185 0.7999999999999999 2000
0.18 0.7999999999999999 2000
0.175 0.7999999999999999 2000
0.16999999999999998 0.7999999999999999 2000
0.16499999999999998 0.7999999999999999 2000
0.15999999999999998 0.7999999999999999 1758
0.15499999999999997 0.7999999999999999 1530
0.14999999999999997 0.7999999999999999 476
0.14499999999999996 0.7999999999999999 213
0.13999999999999996 0.7999999999999999 121
0.13499999999999995 0.7999999999999999 77
0.12999999999999995 0.7999999999999999 56
0.12499999999999994 0.7999999999999999 51
0.11999999999999994 0.7999999999999999 50
0.11499999999999994 0.7999999999999999 39
0.10999999999999993 0.7999999999999999 36
0.10499999999999993 0.7999999999999999 32
0.09999999999999992 0.7999999999999999 33
0.09499999999999992 0.7999999999999999 29
0.08999999999999991 0.7999999999999999 28
0.08499999999999991 0.7999999999999999 26
0.0799999999999999 0.7999999999999999 24
0.0749999999999999 0.7999999999999999 22
0.0699999999999999 0.7999999999999999 22
0.06499999999999989 0.7999999999999999 20
0.059999999999999894 0.7999999999999999 21
0.054999999999999896 0.7999999999999999 20
0.0499999999999999 0.7999999999999999 20
0.0449999999999999 0.7999999999999999 18
0.039999999999999904 0.7999999999999999 22
0.034999999999999906 0.7999999999999999 22
0.029999999999999905 0.7999999999999999 21
0.024999999999999904 0.7999999999999999 29
0.019999999999999903 0.7999999999999999 31
0.014999999999999902 0.7999999999999999 38
0.009999999999999901 0.7999999999999999 49
0.004999999999999901 0.7999999999999999 115

0.2 0.7499999999999999 2000
0.195 0.7499999999999999 2000
0.19 0.7499999999999999 2000
0.185 0.7499999999999999 2000
0.18 0.7499999999999999 2000
0.175 0.7499999999999999 2000
0.16999999999999998 0.7499999999999999 2000
0.16499999999999998 0.7499999999999999 2000
0.15999999999999998 0.7499999999999999 1980
0.15499999999999997 0.7499999999999999 1712
0.14999999999999997 0.7499999999999999 898
0.14499999999999996 0.7499999999999999 371
0.13999999999999996 0.7499999999999999 128
0.13499999999999995 0.7499999999999999 111
0.12999999999999995 0.7499999999999999 79
0.12499999999999994 0.7499999999999999 60
0.11999999999999994 0.7499999999999999 52
0.11499999999999994 0.7499999999999999 47
0.10999999999999993 0.7499999999999999 41
0.10499999999999993 0.7499999999999999 35
0.09999999999999992 0.7499999999999999 36
0.09499999999999992 0.7499999999999999 32
0.08999999999999991 0.7499999999999999 29
0.08499999999999991 0.7499999999999999 26
0.0799999999999999 0.7499999999999999 24
0.0749999999999999 0.7499999999999999 22
0.0699999999999999 0.7499999999999999 22
0.06499999999999989 0.7499999999999999 24
0.059999999999999894 0.7499999999999999 23
0.054999999999999896 0.7499999999999999 21
0.0499999999999999 0.7499999999999999 20
0.0449999999999999 0.7499999999999999 20
0.039999999999999904 0.7499999999999999 23
0.034999999999999906 0.7499999999999999 22
0.029999999999999905 0.7499999999999999 27
0.024999999999999904 0.7499999999999999 27
0.019999999999999903 0.7499999999999999 32
0.014999999999999902 0.7499999999999999 39
0.009999999999999901 0.7499999999999999 59
0.004999999999999901 0.7499999999999999 137

0.2 0.6999999999999998 2000
0.195 0.6999999999999998 2000
0.19 0.6999999999999998 2000
0.185 0.6999999999999998 2000
0.18 0.6999999999999998 2000
0.175 0.6999999999999998 2000
0.16999999999999998 0.6999999999999998 2000
0.16499999999999998 0.6999999999999998 2000
0.15999999999999998 0.6999999999999998 2000
0.15499999999999997 0.6999999999999998 1778
0.14999999999999997 0.6999999999999998 1477
0.14499999999999996 0.6999999999999998 761
0.13999999999999996 0.6999999999999998 237
0.13499999999999995 0.6999999999999998 158
0.12999999999999995 0.6999999999999998 97
0.12499999999999994 0.6999999999999998 62
0.11999999999999994 0.6999999999999998 52
0.11499999999999994 0.6999999999999998 50
0.10999999999999993 0.6999999999999998 40
0.10499999999999993 0.6999999999999998 42
0.09999999999999992 0.6999999999999998 39
0.09499999999999992 0.6999999999999998 35
0.08999999999999991 0.6999999999999998 33
0.08499999999999991 0.6999999999999998 31
0.0799999999999999 0.6999999999999998 29
0.0749999999999999 0.6999999999999998 25
0.0699999999999999 0.6999999999999998 25
0.06499999999999989 0.6999999999999998 27
0.059999999999999894 0.6999999999999998 28
0.054999999999999896 0.6999999999999998 23
0.0499999999999999 0.6999999999999998 21
0.0449999999999999 0.6999999999999998 24
0.039999999999999904 0.6999999999999998 22
0.034999999999999906 0.6999999999999998 24
0.029999999999999905 0.6999999999999998 25
0.024999999999999904 0.6999999999999998 27
0.019999999999999903 0.6999999999999998 31
0.014999999999999902 0.6999999999999998 62
0.009999999999999901 0.6999999999999998 75
0.004999999999999901 0.6999999999999998 137

0.2 0.6499999999999998 2000
0.195 0.6499999999999998 2000
0.19 0.6499999999999998 2000
0.185 0.6499999999999998 2000
0.18 0.6499999999999998 2000
0.175 0.6499999999999998 2000
0.16999999999999998 0.6499999999999998 2000
0.16499999999999998 0.6499999999999998 2000
0.15999999999999998 0.6499999999999998 2000
0.15499999999999997 0.6499999999999998 1997
0.14999999999999997 0.6499999999999998 1521
0.14499999999999996 0.6499999999999998 976
0.13999999999999996 0.6499999999999998 375
0.13499999999999995 0.6499999999999998 184
0.12999999999999995 0.6499999999999998 115
0.12499999999999994 0.6499999999999998 73
0.11999999999999994 0.6499999999999998 62
0.11499999999999994 0.6499999999999998 47
0.10999999999999993 0.6499999999999998 50
0.10499999999999993 0.6499999999999998 42
0.09999999999999992 0.6499999999999998 42
0.09499999999999992 0.6499999999999998 36
0.08999999999999991 0.6499999999999998 34
0.08499999999999991 0.6499999999999998 31
0.0799999999999999 0.6499999999999998 29
0.0749999999999999 0.6499999999999998 26
0.0699999999999999 0.6499999999999998 27
0.06499999999999989 0.6499999999999998 25
0.059999999999999894 0.6499999999999998 25
0.054999999999999896 0.6499999999999998 23
0.0499999999999999 0.6499999999999998 22
0.0449999999999999 0.6499999999999998 23
0.039999999999999904 0.6499999999999998 27
0.034999999999999906 0.6499999999999998 23
0.029999999999999905 0.6499999999999998 28
0.024999999999999904 0.6499999999999998 28
0.019999999999999903 0.6499999999999998 32
0.014999999999999902 0.6499999999999998 45
0.009999999999999901 0.6499999999999998 82
0.004999999999999901 0.6499999999999998 152

0.2 0.5999999999999998 2000
0.195 0.5999999999999998 2000
0.19 0.5999999999999998 2000
0.185 0.5999999999999998 2000
0.18 0.5999999999999998 2000
0.175 0.5999999999999998 2000
0.16999999999999998 0.5999999999999998 2000
0.16499999999999998 0.5999999999999998 2000
0.15999999999999998 0.5999999999999998 2000
0.15499999999999997 0.5999999999999998 2000
0.14999999999999997 0.5999999999999998 1881
0.14499999999999996 0.5999999999999998 1519
0.13999999999999996 0.5999999999999998 745
0.13499999999999995 0.5999999999999998 326
0.12999999999999995 0.5999999999999998 98
0.12499999999999994 0.5999999999999998 80
0.11999999999999994 0.5999999999999998 59
0.11499999999999994 0.5999999999999998 56
0.10999999999999993 0.5999999999999998 49
0.10499999999999993 0.5999999999999998 48
0.09999999999999992 0.5999999999999998 40
0.09499999999999992 0.5999999999999998 46
0.08999999999999991 0.5999999999999998 38
0.08499999999999991 0.5999999999999998 36
0.0799999999999999 0.5999999999999998 32
0.0749999999999999 0.5999999999999998 30
0.0699999999999999 0.5999999999999998 30
0.06499999999999989 0.5999999999999998 27
0.059999999999999894 0.5999999999999998 26
0.054999999999999896 0.5999999999999998 23
0.0499999999999999 0.5999999999999998 26
0.0449999999999999 0.5999999999999998 26
0.039999999999999904 0.5999999999999998 25
0.034999999999999906 0.5999999999999998 27
0.029999999999999905 0.5999999999999998 29
0.024999999999999904 0.5999999999999998 31
0.019999999999999903 0.5999999999999998 37
0.014999999999999902 0.5999999999999998 46
0.009999999999999901 0.5999999999999998 64
0.004999999999999901 0.5999999999999998 296

0.2 0.5499999999999997 2000
0.195 0.5499999999999997 2000
0.19 0.5499999999999997 2000
0.185 0.5499999999999997 2000
0.18 0.5499999999999997 2000
0.175 0.5499999999999997 2000
0.16999999999999998 0.5499999999999997 2000
0.16499999999999998 0.5499999999999997 2000
0.15999999999999998 0.5499999999999997 2000
0.15499999999999997 0.5499999999999997 2000
0.14999999999999997 0.5499999999999997 2000
0.14499999999999996 0.5499999999999997 1839
0.13999999999999996 0.5499999999999997 1171
0.13499999999999995 0.5499999999999997 417
0.12999999999999995 0.5499999999999997 155
0.12499999999999994 0.5499999999999997 117
0.11999999999999994 0.5499999999999997 84
0.11499999999999994 0.5499999999999997 84
0.10999999999999993 0.5499999999999997 64
0.10499999999999993 0.5499999999999997 51
0.09999999999999992 0.5499999999999997 49
0.09499999999999992 0.5499999999999997 47
0.08999999999999991 0.5499999999999997 37
0.08499999999999991 0.5499999999999997 37
0.0799999999999999 0.5499999999999997 39
0.0749999999999999 0.5499999999999997 29
0.0699999999999999 0.5499999999999997 31
0.06499999999999989 0.5499999999999997 28
0.059999999999999894 0.5499999999999997 27
0.054999999999999896 0.5499999999999997 27
0.0499999999999999 0.5499999999999997 28
0.0449999999999999 0.5499999999999997 27
0.039999999999999904 0.5499999999999997 27
0.034999999999999906 0.5499999999999997 28
0.029999999999999905 0.5499999999999997 31
0.024999999999999904 0.5499999999999997 30
0.019999999999999903 0.5499999999999997 38
0.014999999999999902 0.5499999999999997 51
0.009999999999999901 0.5499999999999997 68
0.004999999999999901 0.5499999999999997 207

0.2 0.4999999999999997 2000
0.195 0.4999999999999997 2000
0.19 0.4999999999999997 2000
0.185 0.4999999999999997 2000
0.18 0.4999999999999997 2000
0.175 0.4999999999999997 2000
0.16999999999999998 0.4999999999999997 2000
0.16499999999999998 0.4999999999999997 2000
0.15999999999999998 0.4999999999999997 2000
0.15499999999999997 0.4999999999999997 2000
0.14999999999999997 0.4999999999999997 2000
0.14499999999999996 0.4999999999999997 1907
0.13999999999999996 0.4999999999999997 1560
0.13499999999999995 0.4999999999999997 844
0.12999999999999995 0.4999999999999997 285
0.12499999999999994 0.4999999999999997 174
0.11999999999999994 0.4999999999999997 91
0.11499999999999994 0.4999999999999997 81
0.10999999999999993 0.4999999999999997 67
0.10499999999999993 0.4999999999999997 52
0.09999999999999992 0.4999999999999997 66
0.09499999999999992 0.4999999999999997 43
0.08999999999999991 0.4999999999999997 50
0.08499999999999991 0.4999999999999997 47
0.0799999999999999 0.4999999999999997 39
0.0749999999999999 0.4999999999999997 36
0.0699999999999999 0.4999999999999997 33
0.06499999999999989 0.4999999999999997 34
0.059999999999999894 0.4999999999999997 36
0.054999999999999896 0.4999999999999997 30
0.0499999999999999 0.4999999999999997 33
0.0449999999999999 0.4999999999999997 31
0.039999999999999904 0.4999999999999997 33
0.034999999999999906 0.4999999999999997 27
0.029999999999999905 0.4999999999999997 30
0.024999999999999904 0.4999999999999997 32
0.019999999999999903 0.4999999999999997 42
0.014999999999999902 0.4999999999999997 60
0.009999999999999901 0.4999999999999997 98
0.004999999999999901 0.4999999999999997 378

0.2 0.44999999999999973 2000
0.195 0.44999999999999973 2000
0.19 0.44999999999999973 2000
0.185 0.44999999999999973 2000
0.18 0.44999999999999973 2000
0.175 0.44999999999999973 2000
0.16999999999999998 0.44999999999999973 2000
0.16499999999999998 0.44999999999999973 2000
0.15999999999999998 0.44999999999999973 2000
0.15499999999999997 0.44999999999999973 2000
0.14999999999999997 0.44999999999999973 2000
0.14499999999999996 0.44999999999999973 2000
0.13999999999999996 0.44999999999999973 1918
0.13499999999999995 0.44999999999999973 1412
0.12999999999999995 0.44999999999999973 695
0.12499999999999994 0.44999999999999973 347
0.11999999999999994 0.44999999999999973 185
0.11499999999999994 0.44999999999999973 88
0.10999999999999993 0.44999999999999973 77
0.10499999999999993 0.44999999999999973 75
0.09999999999999992 0.44999999999999973 61
0.09499999999999992 0.44999999999999973 51
0.08999999999999991 0.44999999999999973 53
0.08499999999999991 0.44999999999999973 50
0.0799999999999999 0.44999999999999973 43
0.0749999999999999 0.44999999999999973 40
0.0699999999999999 0.44999999999999973 36
0.06499999999999989 0.44999999999999973 38
0.059999999999999894 0.44999999999999973 32
0.054999999999999896 0.44999999999999973 34
0.0499999999999999 0.44999999999999973 28
0.0449999999999999 0.44999999999999973 36
0.039999999999999904 0.44999999999999973 33
0.034999999999999906 0.44999999999999973 33
0.029999999999999905 0.44999999999999973 34
0.024999999999999904 0.44999999999999973 38
0.019999999999999903 0.44999999999999973 44
0.014999999999999902 0.44999999999999973 73
0.009999999999999901 0.44999999999999973 93
0.004999999999999901 0.44999999999999973 227

0.2 0.39999999999999974 2000
0.195 0.39999999999999974 2000
0.19 0.39999999999999974 2000
0.185 0.39999999999999974 2000
0.18 0.39999999999999974 2000
0.175 0.39999999999999974 2000
0.16999999999999998 0.39999999999999974 2000
0.16499999999999998 0.39999999999999974 2000
0.15999999999999998 0.39999999999999974 2000
0.15499999999999997 0.39999999999999974 2000
0.14999999999999997 0.39999999999999974 2000
0.14499999999999996 0.39999999999999974 2000
0.13999999999999996 0.39999999999999974 2000
0.13499999999999995 0.39999999999999974 1876
0.12999999999999995 0.39999999999999974 1346
0.12499999999999994 0.39999999999999974 551
0.11999999999999994 0.39999999999999974 184
0.11499999999999994 0.39999999999999974 132
0.10999999999999993 0.39999999999999974 93
0.10499999999999993 0.39999999999999974 91
0.09999999999999992 0.39999999999999974 78
0.09499999999999992 0.39999999999999974 73
0.08999999999999991 0.39999999999999974 55
0.08499999999999991 0.39999999999999974 62
0.0799999999999999 0.39999999999999974 47
0.0749999999999999 0.39999999999999974 44
0.0699999999999999 0.39999999999999974 40
0.06499999999999989 0.39999999999999974 39
0.059999999999999894 0.39999999999999974 39
0.054999999999999896 0.39999999999999974 37
0.0499999999999999 0.39999999999999974 65
0.0449999999999999 0.39999999999999974 32
0.039999999999999904 0.39999999999999974 34
0.034999999999999906 0.39999999999999974 37
0.029999999999999905 0.39999999999999974 46
0.024999999999999904 0.39999999999999974 40
0.019999999999999903 0.39999999999999974 56
0.014999999999999902 0.39999999999999974 64
0.009999999999999901 0.39999999999999974 111
0.004999999999999901 0.39999999999999974 184

0.2 0.34999999999999976 2000
0.195 0.34999999999999976 2000
0.19 0.34999999999999976 2000
0.185 0.34999999999999976 2000
0.18 0.34999999999999976 2000
0.175 0.34999999999999976 2000
0.16999999999999998 0.34999999999999976 2000
0.16499999999999998 0.34999999999999976 2000
0.15999999999999998 0.34999999999999976 2000
0.15499999999999997 0.34999999999999976 2000
0.14999999999999997 0.34999999999999976 2000
0.14499999999999996 0.34999999999999976 2000
0.13999999999999996 0.34999999999999976 2000
0.13499999999999995 0.34999999999999976 2000
0.12999999999999995 0.34999999999999976 1691
0.12499999999999994 0.34999999999999976 1489
0.11999999999999994 0.34999999999999976 575
0.11499999999999994 0.34999999999999976 299
0.10999999999999993 0.34999999999999976 143
0.10499999999999993 0.34999999999999976 104
0.09999999999999992 0.34999999999999976 86
0.09499999999999992 0.34999999999999976 77
0.08999999999999991 0.34999999999999976 74
0.08499999999999991 0.34999999999999976 69
0.0799999999999999 0.34999999999999976 61
0.0749999999999999 0.34999999999999976 48
0.0699999999999999 0.34999999999999976 84
0.06499999999999989 0.34999999999999976 40
0.059999999999999894 0.34999999999999976 43
0.054999999999999896 0.34999999999999976 39
0.0499999999999999 0.34999999999999976 37
0.0449999999999999 0.34999999999999976 35
0.039999999999999904 0.34999999999999976 35
0.034999999999999906 0.34999999999999976 43
0.029999999999999905 0.34999999999999976 39
0.024999999999999904 0.34999999999999976 43
0.019999999999999903 0.34999999999999976 53
0.014999999999999902 0.34999999999999976 77
0.009999999999999901 0.34999999999999976 93
0.004999999999999901 0.34999999999999976 250

0.2 0.29999999999999977 2000
0.195 0.29999999999999977 2000
0.19 0.29999999999999977 2000
0.185 0.29999999999999977 2000
0.18 0.29999999999999977 2000
0.175 0.29999999999999977 2000
0.16999999999999998 0.29999999999999977 2000
0.16499999999999998 0.29999999999999977 2000
0.15999999999999998 0.29999999999999977 2000
0.15499999999999997 0.29999999999999977 2000
0.14999999999999997 0.29999999999999977 2000
0.14499999999999996 0.29999999999999977 2000
0.13999999999999996 0.29999999999999977 2000
0.13499999999999995 0.29999999999999977 2000
0.12999999999999995 0.29999999999999977 1945
0.12499999999999994 0.29999999999999977 1996
0.11999999999999994 0.29999999999999977 1652
0.11499999999999994 0.29999999999999977 533
0.10999999999999993 0.29999999999999977 246
0.10499999999999993 0.29999999999999977 132
0.09999999999999992 0.29999999999999977 106
0.09499999999999992 0.29999999999999977 79
0.08999999999999991 0.29999999999999977 84
0.08499999999999991 0.29999999999999977 66
0.0799999999999999 0.29999999999999977 77
0.0749999999999999 0.29999999999999977 65
0.0699999999999999 0.29999999999999977 67
0.06499999999999989 0.29999999999999977 58
0.059999999999999894 0.29999999999999977 43
0.054999999999999896 0.29999999999999977 58
0.0499999999999999 0.29999999999999977 50
0.0449999999999999 0.29999999999999977 51
0.039999999999999904 0.29999999999999977 56
0.034999999999999906 0.29999999999999977 46
0.029999999999999905 0.29999999999999977 49
0.024999999999999904 0.29999999999999977 53
0.019999999999999903 0.29999999999999977 56
0.014999999999999902 0.29999999999999977 69
0.009999999999999901 0.29999999999999977 137
0.004999999999999901 0.29999999999999977 300

0.2 0.24999999999999978 2000
0.195 0.24999999999999978 2000
0.19 0.24999999999999978 2000
0.185 0.24999999999999978 2000
0.18 0.24999999999999978 2000
0.175 0.24999999999999978 2000
0.16999999999999998 0.24999999999999978 2000
0.16499999999999998 0.24999999999999978 2000
0.15999999999999998 0.24999999999999978 2000
0.15499999999999997 0.24999999999999978 2000
0.14999999999999997 0.24999999999999978 2000
0.14499999999999996 0.24999999999999978 2000
0.13999999999999996 0.24999999999999978 2000
0.13499999999999995 0.24999999999999978 2000
0.12999999999999995 0.24999999999999978 2000
0.12499999999999994 0.24999999999999978 2000
0.11999999999999994 0.24999999999999978 1865
0.11499999999999994 0.24999999999999978 1818
0.10999999999999993 0.24999999999999978 983
0.10499999999999993 0.24999999999999978 283
0.09999999999999992 0.24999999999999978 179
0.09499999999999992 0.24999999999999978 115
0.08999999999999991 0.24999999999999978 98
0.08499999999999991 0.24999999999999978 90
0.0799999999999999 0.24999999999999978 90
0.0749999999999999 0.24999999999999978 72
0.0699999999999999 0.24999999999999978 60
0.06499999999999989 0.24999999999999978 66
0.059999999999999894 0.24999999999999978 52
0.054999999999999896 0.24999999999999978 66
0.0499999999999999 0.24999999999999978 76
0.0449999999999999 0.24999999999999978 56
0.039999999999999904 0.24999999999999978 51
0.034999999999999906 0.24999999999999978 63
0.029999999999999905 0.24999999999999978 45
0.024999999999999904 0.24999999999999978 59
0.019999999999999903 0.24999999999999978 65
0.014999999999999902 0.24999999999999978 99
0.009999999999999901 0.24999999999999978 129
0.004999999999999901 0.24999999999999978 584

0.2 0.1999999999999998 2000
0.195 0.1999999999999998 2000
0.19 0.1999999999999998 2000
0.185 0.1999999999999998 2000
0.18 0.1999999999999998 2000
0.175 0.1999999999999998 2000
0.16999999999999998 0.1999999999999998 2000
0.16499999999999998 0.1999999999999998 2000
0.15999999999999998 0.1999999999999998 2000
0.15499999999999997 0.1999999999999998 2000
0.14999999999999997 0.1999999999999998 2000
0.14499999999999996 0.1999999999999998 2000
0.13999999999999996 0.1999999999999998 2000
0.13499999999999995 0.1999999999999998 2000
0.12999999999999995 0.1999999999999998 2000
0.12499999999999994 0.1999999999999998 2000
0.11999999999999994 0.1999999999999998 2000
0.11499999999999994 0.1999999999999998 1940
0.10999999999999993 0.1999999999999998 1892
0.10499999999999993 0.1999999999999998 1100
0.09999999999999992 0.1999999999999998 488
0.09499999999999992 0.1999999999999998 228
0.08999999999999991 0.1999999999999998 141
0.08499999999999991 0.1999999999999998 108
0.0799999999999999 0.1999999999999998 106
0.0749999999999999 0.1999999999999998 83
0.0699999999999999 0.1999999999999998 89
0.06499999999999989 0.1999999999999998 86
0.059999999999999894 0.1999999999999998 70
0.054999999999999896 0.1999999999999998 77
0.0499999999999999 0.1999999999999998 59
0.0449999999999999 0.1999999999999998 63
0.039999999999999904 0.1999999999999998 68
0.034999999999999906 0.1999999999999998 59
0.029999999999999905 0.1999999999999998 71
0.024999999999999904 0.1999999999999998 65
0.019999999999999903 0.1999999999999998 108
0.014999999999999902 0.1999999999999998 195
0.009999999999999901 0.1999999999999998 268
0.004999999999999901 0.1999999999999998 658

0.2 0.1499999999999998 2000
0.195 0.1499999999999998 2000
0.19 0.1499999999999998 2000
0.185 0.1499999999999998 2000
0.18 0.1499999999999998 2000
0.175 0.1499999999999998 2000
0.16999999999999998 0.1499999999999998 2000
0.16499999999999998 0.1499999999999998 2000
0.15999999999999998 0.1499999999999998 2000
0.15499999999999997 0.1499999999999998 2000
0.14999999999999997 0.1499999999999998 2000
0.14499999999999996 0.1499999999999998 2000
0.13999999999999996 0.1499999999999998 2000
0.13499999999999995 0.1499999999999998 2000
0.12999999999999995 0.1499999999999998 2000
0.12499999999999994 0.1499999999999998 2000
0.11999999999999994 0.1499999999999998 2000
0.11499999999999994 0.1499999999999998 2000
0.10999999999999993 0.1499999999999998 2000
0.10499999999999993 0.1499999999999998 2000
0.09999999999999992 0.1499999999999998 1774
0.09499999999999992 0.1499999999999998 1317
0.08999999999999991 0.1499999999999998 383
0.08499999999999991 0.1499999999999998 191
0.0799999999999999 0.1499999999999998 141
0.0749999999999999 0.1499999999999998 114
0.0699999999999999 0.1499999999999998 112
0.06499999999999989 0.1499999999999998 175
0.059999999999999894 0.1499999999999998 88
0.054999999999999896 0.1499999999999998 97
0.0499999999999999 0.1499999999999998 111
0.0449999999999999 0.1499999999999998 114
0.039999999999999904 0.1499999999999998 96
0.034999999999999906 0.1499999999999998 79
0.029999999999999905 0.1499999999999998 79
0.024999999999999904 0.1499999999999998 81
0.019999999999999903 0.1499999999999998 93
0.014999999999999902 0.1499999999999998 161
0.009999999999999901 0.1499999999999998 429
0.004999999999999901 0.1499999999999998 539

0.2 0.0999999999999998 2000
0.195 0.0999999999999998 2000
0.19 0.0999999999999998 2000
0.185 0.0999999999999998 2000
0.18 0.0999999999999998 2000
0.175 0.0999999999999998 2000
0.16999999999999998 0.0999999999999998 2000
0.16499999999999998 0.0999999999999998 2000
0.15999999999999998 0.0999999999999998 2000
0.15499999999999997 0.0999999999999998 2000
0.14999999999999997 0.0999999999999998 2000
0.14499999999999996 0.0999999999999998 2000
0.13999999999999996 0.0999999999999998 2000
0.13499999999999995 0.0999999999999998 2000
0.12999999999999995 0.0999999999999998 2000
0.12499999999999994 0.0999999999999998 2000
0.11999999999999994 0.0999999999999998 2000
0.11499999999999994 0.0999999999999998 2000
0.10999999999999993 0.0999999999999998 2000
0.10499999999999993 0.0999999999999998 2000
0.09999999999999992 0.0999999999999998 2000
0.09499999999999992 0.0999999999999998 2000
0.08999999999999991 0.0999999999999998 1922
0.08499999999999991 0.0999999999999998 982
0.0799999999999999 0.0999999999999998 337
0.0749999999999999 0.0999999999999998 194
0.0699999999999999 0.0999999999999998 197
0.06499999999999989 0.0999999999999998 173
0.059999999999999894 0.0999999999999998 131
0.054999999999999896 0.0999999999999998 134
0.0499999999999999 0.0999999999999998 113
0.0449999999999999 0.0999999999999998 127
0.039999999999999904 0.0999999999999998 117
0.034999999999999906 0.0999999999999998 167
0.029999999999999905 0.0999999999999998 173
0.024999999999999904 0.0999999999999998 131
0.019999999999999903 0.0999999999999998 119
0.014999999999999902 0.0999999999999998 163
0.009999999999999901 0.0999999999999998 205
0.004999999999999901 0.0999999999999998 758

0.2 0.049999999999999795 2000
0.195 0.049999999999999795 2000
0.19 0.049999999999999795 2000
0.185 0.049999999999999795 2000
0.18 0.049999999999999795 2000
0.175 0.049999999999999795 2000
0.16999999999999998 0.049999999999999795 2000
0.16499999999999998 0.049999999999999795 2000
0.15999999999999998 0.049999999999999795 2000
0.15499999999999997 0.049999999999999795 2000
0.14999999999999997 0.049999999999999795 2000
0.14499999999999996 0.049999999999999795 2000
0.13999999999999996 0.049999999999999795 2000
0.13499999999999995 0.049999999999999795 2000
0.12999999999999995 0.049999999999999795 2000
0.12499999999999994 0.049999999999999795 2000
0.11999999999999994 0.049999999999999795 2000
0.11499999999999994 0.049999999999999795 2000
0.10999999999999993 0.049999999999999795 2000
0.10499999999999993 0.049999999999999795 2000
0.09999999999999992 0.049999999999999795 2000
0.09499999999999992 0.049999999999999795 2000
0.08999999999999991 0.049999999999999795 2000
0.08499999999999991 0.049999999999999795 2000
0.0799999999999999 0.049999999999999795 1864
0.0749999999999999 0.049999999999999795 754
0.0699999999999999 0.049999999999999795 342
0.06499999999999989 0.049999999999999795 287
0.059999999999999894 0.049999999999999795 316
0.054999999999999896 0.049999999999999795 205
0.0499999999999999 0.049999999999999795 217
0.0449999999999999 0.049999999999999795 206
0.039999999999999904 0.049999999999999795 241
0.034999999999999906 0.049999999999999795 184
0.029999999999999905 0.049999999999999795 226
0.024999999999999904 0.049999999999999795 229
0.019999999999999903 0.049999999999999795 251
0.014999999999999902 0.049999999999999795 207
0.009999999999999901 0.049999999999999795 513
0.004999999999999901 0.049999999999999795 1061
