0.2 0.9 2000
0.195 0.9 2000
0.19 0.9 2000
0.185 0.9 2000
0.18 0.9 2000
0.175 0.9 2000
0.16999999999999998 0.9 2000
0.16499999999999998 0.9 2000
0.15999999999999998 0.9 2000
0.15499999999999997 0.9 2000
0.14999999999999997 0.9 2000
0.14499999999999996 0.9 2000
0.13999999999999996 0.9 2000
0.13499999999999995 0.9 2000
0.12999999999999995 0.9 2000
0.12499999999999994 0.9 1943
0.11999999999999994 0.9 1168
0.11499999999999994 0.9 574
0.10999999999999993 0.9 229
0.10499999999999993 0.9 120
0.09999999999999992 0.9 98
0.09499999999999992 0.9 54
0.08999999999999991 0.9 55
0.08499999999999991 0.9 53
0.0799999999999999 0.9 40
0.0749999999999999 0.9 38
0.0699999999999999 0.9 32
0.06499999999999989 0.9 30
0.059999999999999894 0.9 29
0.054999999999999896 0.9 29
0.0499999999999999 0.9 44
0.0449999999999999 0.9 21
0.039999999999999904 0.9 122
0.034999999999999906 0.9 272
0.029999999999999905 0.9 125
0.024999999999999904 0.9 192
0.019999999999999903 0.9 134
0.014999999999999902 0.9 57
0.009999999999999901 0.9 630
0.004999999999999901 0.9 563

0.2 0.85 2000
0.195 0.85 2000
0.19 0.85 2000
0.185 0.85 2000
0.18 0.85 2000
0.175 0.85 2000
0.16999999999999998 0.85 2000
0.16499999999999998 0.85 2000
0.15999999999999998 0.85 2000
0.15499999999999997 0.85 2000
0.14999999999999997 0.85 2000
0.14499999999999996 0.85 2000
0.13999999999999996 0.85 2000
0.13499999999999995 0.85 2000
0.12999999999999995 0.85 2000
0.12499999999999994 0.85 1979
0.11999999999999994 0.85 1849
0.11499999999999994 0.85 1128
0.10999999999999993 0.85 368
0.10499999999999993 0.85 165
0.09999999999999992 0.85 119
0.09499999999999992 0.85 67
0.08999999999999991 0.85 50
0.08499999999999991 0.85 50
0.0799999999999999 0.85 36
0.0749999999999999 0.85 32
0.0699999999999999 0.85 35
0.06499999999999989 0.85 32
0.059999999999999894 0.85 28
0.054999999999999896 0.85 25
0.0499999999999999 0.85 23
0.0449999999999999 0.85 106
0.039999999999999904 0.85 41
0.034999999999999906 0.85 258
0.029999999999999905 0.85 190
0.024999999999999904 0.85 472
0.019999999999999903 0.85 291
0.014999999999999902 0.85 322
0.009999999999999901 0.85 472
0.004999999999999901 0.85 865

0.2 0.7999999999999999 2000
0.195 0.7999999999999999 2000
0.19 0.7999999999999999 2000
0.185 0.7999999999999999 2000
0.18 0.7999999999999999 2000
0.175 0.7999999999999999 2000
0.16999999999999998 0.7999999999999999 2000
0.16499999999999998 0.7999999999999999 2000
0.15999999999999998 0.7999999999999999 2000
0.15499999999999997 0.7999999999999999 2000
0.14999999999999997 0.7999999999999999 2000
0.14499999999999996 0.7999999999999999 2000
0.13999999999999996 0.7999999999999999 2000
0.13499999999999995 0.7999999999999999 2000
0.12999999999999995 0.7999999999999999 2000
0.12499999999999994 0.7999999999999999 2000
0.11999999999999994 0.7999999999999999 1893
0.11499999999999994 0.7999999999999999 1662
0.10999999999999993 0.7999999999999999 827
0.10499999999999993 0.7999999999999999 248
0.09999999999999992 0.7999999999999999 155
0.09499999999999992 0.7999999999999999 85
0.08999999999999991 0.7999999999999999 72
0.08499999999999991 0.7999999999999999 46
0.0799999999999999 0.7999999999999999 47
0.0749999999999999 0.7999999999999999 40
0.0699999999999999 0.7999999999999999 28
0.06499999999999989 0.7999999999999999 29
0.059999999999999894 0.7999999999999999 26
0.054999999999999896 0.7999999999999999 28
0.0499999999999999 0.7999999999999999 28
0.0449999999999999 0.7999999999999999 27
0.039999999999999904 0.7999999999999999 271
0.034999999999999906 0.7999999999999999 155
0.029999999999999905 0.7999999999999999 152
0.024999999999999904 0.7999999999999999 350
0.019999999999999903 0.7999999999999999 132
0.014999999999999902 0.7999999999999999 352
0.009999999999999901 0.7999999999999999 413
0.004999999999999901 0.7999999999999999 516

0.2 0.7499999999999999 2000
0.195 0.7499999999999999 2000
0.19 0.7499999999999999 2000
0.185 0.7499999999999999 2000
0.18 0.7499999999999999 2000
0.175 0.7499999999999999 2000
0.16999999999999998 0.7499999999999999 2000
0.16499999999999998 0.7499999999999999 2000
0.15999999999999998 0.7499999999999999 2000
0.15499999999999997 0.7499999999999999 2000
0.14999999999999997 0.7499999999999999 2000
0.14499999999999996 0.7499999999999999 2000
0.13999999999999996 0.7499999999999999 2000
0.13499999999999995 0.7499999999999999 2000
0.12999999999999995 0.7499999999999999 2000
0.12499999999999994 0.7499999999999999 2000
0.11999999999999994 0.7499999999999999 2000
0.11499999999999994 0.7499999999999999 1821
0.10999999999999993 0.7499999999999999 1141
0.10499999999999993 0.7499999999999999 402
0.09999999999999992 0.7499999999999999 166
0.09499999999999992 0.7499999999999999 103
0.08999999999999991 0.7499999999999999 82
0.08499999999999991 0.7499999999999999 50
0.0799999999999999 0.7499999999999999 53
0.0749999999999999 0.7499999999999999 38
0.0699999999999999 0.7499999999999999 34
0.06499999999999989 0.7499999999999999 35
0.059999999999999894 0.7499999999999999 34
0.054999999999999896 0.7499999999999999 32
0.0499999999999999 0.7499999999999999 30
0.0449999999999999 0.7499999999999999 33
0.039999999999999904 0.7499999999999999 138
0.034999999999999906 0.7499999999999999 285
0.029999999999999905 0.7499999999999999 493
0.024999999999999904 0.7499999999999999 209
0.019999999999999903 0.7499999999999999 603
0.014999999999999902 0.7499999999999999 340
0.009999999999999901 0.7499999999999999 336
0.004999999999999901 0.7499999999999999 615

0.2 0.6999999999999998 2000
0.195 0.6999999999999998 2000
0.19 0.6999999999999998 2000
0.185 0.6999999999999998 2000
0.18 0.6999999999999998 2000
0.175 0.6999999999999998 2000
0.16999999999999998 0.6999999999999998 2000
0.16499999999999998 0.6999999999999998 2000
0.15999999999999998 0.6999999999999998 2000
0.15499999999999997 0.6999999999999998 2000
0.14999999999999997 0.6999999999999998 2000
0.14499999999999996 0.6999999999999998 2000
0.13999999999999996 0.6999999999999998 2000
0.13499999999999995 0.6999999999999998 2000
0.12999999999999995 0.6999999999999998 2000
0.12499999999999994 0.6999999999999998 2000
0.11999999999999994 0.6999999999999998 2000
0.11499999999999994 0.6999999999999998 2000
0.10999999999999993 0.6999999999999998 1795
0.10499999999999993 0.6999999999999998 978
0.09999999999999992 0.6999999999999998 290
0.09499999999999992 0.6999999999999998 171
0.08999999999999991 0.6999999999999998 95
0.08499999999999991 0.6999999999999998 74
0.0799999999999999 0.6999999999999998 52
0.0749999999999999 0.6999999999999998 51
0.0699999999999999 0.6999999999999998 33
0.06499999999999989 0.6999999999999998 38
0.059999999999999894 0.6999999999999998 34
0.054999999999999896 0.6999999999999998 32
0.0499999999999999 0.6999999999999998 29
0.0449999999999999 0.6999999999999998 32
0.039999999999999904 0.6999999999999998 153
0.034999999999999906 0.6999999999999998 107
0.029999999999999905 0.6999999999999998 218
0.024999999999999904 0.6999999999999998 475
0.019999999999999903 0.6999999999999998 383
0.014999999999999902 0.6999999999999998 186
0.009999999999999901 0.6999999999999998 615
0.004999999999999901 0.6999999999999998 638

0.2 0.6499999999999998 2000
0.195 0.6499999999999998 2000
0.19 0.6499999999999998 2000
0.185 0.6499999999999998 2000
0.18 0.6499999999999998 2000
0.175 0.6499999999999998 2000
0.16999999999999998 0.6499999999999998 2000
0.16499999999999998 0.6499999999999998 2000
0.15999999999999998 0.6499999999999998 2000
0.15499999999999997 0.6499999999999998 2000
0.14999999999999997 0.6499999999999998 2000
0.14499999999999996 0.6499999999999998 2000
0.13999999999999996 0.6499999999999998 2000
0.13499999999999995 0.6499999999999998 2000
0.12999999999999995 0.6499999999999998 2000
0.12499999999999994 0.6499999999999998 2000
0.11999999999999994 0.6499999999999998 2000
0.11499999999999994 0.6499999999999998 2000
0.10999999999999993 0.6499999999999998 1992
0.10499999999999993 0.6499999999999998 1431
0.09999999999999992 0.6499999999999998 596
0.09499999999999992 0.6499999999999998 221
0.08999999999999991 0.6499999999999998 94
0.08499999999999991 0.6499999999999998 83
0.0799999999999999 0.6499999999999998 80
0.0749999999999999 0.6499999999999998 45
0.0699999999999999 0.6499999999999998 39
0.06499999999999989 0.6499999999999998 38
0.059999999999999894 0.6499999999999998 38
0.054999999999999896 0.6499999999999998 34
0.0499999999999999 0.6499999999999998 30
0.0449999999999999 0.6499999999999998 29
0.039999999999999904 0.6499999999999998 29
0.034999999999999906 0.6499999999999998 360
0.029999999999999905 0.6499999999999998 298
0.024999999999999904 0.6499999999999998 208
0.019999999999999903 0.6499999999999998 219
0.014999999999999902 0.6499999999999998 465
0.009999999999999901 0.6499999999999998 642
0.004999999999999901 0.6499999999999998 944

0.2 0.5999999999999998 2000
0.195 0.5999999999999998 2000
0.19 0.5999999999999998 2000
0.185 0.5999999999999998 2000
0.18 0.5999999999999998 2000
0.175 0.5999999999999998 2000
0.16999999999999998 0.5999999999999998 2000
0.16499999999999998 0.5999999999999998 2000
0.15999999999999998 0.5999999999999998 2000
0.15499999999999997 0.5999999999999998 2000
0.14999999999999997 0.5999999999999998 2000
0.14499999999999996 0.5999999999999998 2000
0.13999999999999996 0.5999999999999998 2000
0.13499999999999995 0.5999999999999998 2000
0.12999999999999995 0.5999999999999998 2000
0.12499999999999994 0.5999999999999998 2000
0.11999999999999994 0.5999999999999998 2000
0.11499999999999994 0.5999999999999998 2000
0.10999999999999993 0.5999999999999998 2000
0.10499999999999993 0.5999999999999998 1932
0.09999999999999992 0.5999999999999998 1147
0.09499999999999992 0.5999999999999998 416
0.08999999999999991 0.5999999999999998 181
0.08499999999999991 0.5999999999999998 100
0.0799999999999999 0.5999999999999998 74
0.0749999999999999 0.5999999999999998 58
0.0699999999999999 0.5999999999999998 52
0.06499999999999989 0.5999999999999998 46
0.059999999999999894 0.5999999999999998 42
0.054999999999999896 0.5999999999999998 34
0.0499999999999999 0.5999999999999998 38
0.0449999999999999 0.5999999999999998 30
0.039999999999999904 0.5999999999999998 35
0.034999999999999906 0.5999999999999998 120
0.029999999999999905 0.5999999999999998 85
0.024999999999999904 0.5999999999999998 190
0.019999999999999903 0.5999999999999998 291
0.014999999999999902 0.5999999999999998 699
0.009999999999999901 0.5999999999999998 652
0.004999999999999901 0.5999999999999998 515

0.2 0.5499999999999997 2000
0.195 0.5499999999999997 2000
0.19 0.5499999999999997 2000
0.185 0.5499999999999997 2000
0.18 0.5499999999999997 2000
0.175 0.5499999999999997 2000
0.16999999999999998 0.5499999999999997 2000
0.16499999999999998 0.5499999999999997 2000
0.15999999999999998 0.5499999999999997 2000
0.15499999999999997 0.5499999999999997 2000
0.14999999999999997 0.5499999999999997 2000
0.14499999999999996 0.5499999999999997 2000
0.13999999999999996 0.5499999999999997 2000
0.13499999999999995 0.5499999999999997 2000
0.12999999999999995 0.5499999999999997 2000
0.12499999999999994 0.5499999999999997 2000
0.11999999999999994 0.5499999999999997 2000
0.11499999999999994 0.5499999999999997 2000
0.10999999999999993 0.5499999999999997 2000
0.10499999999999993 0.5499999999999997 2000
0.09999999999999992 0.5499999999999997 1853
0.09499999999999992 0.5499999999999997 1028
0.08999999999999991 0.5499999999999997 269
0.08499999999999991 0.5499999999999997 137
0.0799999999999999 0.5499999999999997 85
0.0749999999999999 0.5499999999999997 80
0.0699999999999999 0.5499999999999997 68
0.06499999999999989 0.5499999999999997 49
0.059999999999999894 0.5499999999999997 36
0.054999999999999896 0.5499999999999997 35
0.0499999999999999 0.5499999999999997 28
0.0449999999999999 0.5499999999999997 40
0.039999999999999904 0.5499999999999997 37
0.034999999999999906 0.5499999999999997 63
0.029999999999999905 0.5499999999999997 409
0.024999999999999904 0.5499999999999997 533
0.019999999999999903 0.5499999999999997 500
0.014999999999999902 0.5499999999999997 451
0.009999999999999901 0.5499999999999997 882
0.004999999999999901 0.5499999999999997 1131

0.2 0.4999999999999997 2000
0.195 0.4999999999999997 2000
0.19 0.4999999999999997 2000
0.185 0.4999999999999997 2000
0.18 0.4999999999999997 2000
0.175 0.4999999999999997 2000
0.16999999999999998 0.4999999999999997 2000
0.16499999999999998 0.4999999999999997 2000
0.15999999999999998 0.4999999999999997 2000
0.15499999999999997 0.4999999999999997 2000
0.14999999999999997 0.4999999999999997 2000
0.14499999999999996 0.4999999999999997 2000
0.13999999999999996 0.4999999999999997 2000
0.13499999999999995 0.4999999999999997 2000
0.12999999999999995 0.4999999999999997 2000
0.12499999999999994 0.4999999999999997 2000
0.11999999999999994 0.4999999999999997 2000
0.11499999999999994 0.4999999999999997 2000
0.10999999999999993 0.4999999999999997 2000
0.10499999999999993 0.4999999999999997 2000
0.09999999999999992 0.4999999999999997 2000
0.09499999999999992 0.4999999999999997 1626
0.08999999999999991 0.4999999999999997 562
0.08499999999999991 0.4999999999999997 224
0.0799999999999999 0.4999999999999997 143
0.0749999999999999 0.4999999999999997 98
0.0699999999999999 0.4999999999999997 74
0.06499999999999989 0.4999999999999997 57
0.059999999999999894 0.4999999999999997 53
0.054999999999999896 0.4999999999999997 35
0.0499999999999999 0.4999999999999997 41
0.0449999999999999 0.4999999999999997 50
0.039999999999999904 0.4999999999999997 39
0.034999999999999906 0.4999999999999997 39
0.029999999999999905 0.4999999999999997 172
0.024999999999999904 0.4999999999999997 213
0.019999999999999903 0.4999999999999997 257
0.014999999999999902 0.4999999999999997 587
0.009999999999999901 0.4999999999999997 559
0.004999999999999901 0.4999999999999997 1008

0.2 0.44999999999999973 2000
0.195 0.44999999999999973 2000
0.19 0.44999999999999973 2000
0.185 0.44999999999999973 2000
0.18 0.44999999999999973 2000
0.175 0.44999999999999973 2000
0.16999999999999998 0.44999999999999973 2000
0.16499999999999998 0.44999999999999973 2000
0.15999999999999998 0.44999999999999973 2000
0.15499999999999997 0.44999999999999973 2000
0.14999999999999997 0.44999999999999973 2000
0.14499999999999996 0.44999999999999973 2000
0.13999999999999996 0.44999999999999973 2000
0.13499999999999995 0.44999999999999973 2000
0.12999999999999995 0.44999999999999973 2000
0.12499999999999994 0.44999999999999973 2000
0.11999999999999994 0.44999999999999973 2000
0.11499999999999994 0.44999999999999973 2000
0.10999999999999993 0.44999999999999973 2000
0.10499999999999993 0.44999999999999973 2000
0.09999999999999992 0.44999999999999973 2000
0.09499999999999992 0.44999999999999973 1959
0.08999999999999991 0.44999999999999973 1734
0.08499999999999991 0.44999999999999973 642
0.0799999999999999 0.44999999999999973 223
0.0749999999999999 0.44999999999999973 128
0.0699999999999999 0.44999999999999973 104
0.06499999999999989 0.44999999999999973 67
0.059999999999999894 0.44999999999999973 50
0.054999999999999896 0.44999999999999973 55
0.0499999999999999 0.44999999999999973 41
0.0449999999999999 0.44999999999999973 39
0.039999999999999904 0.44999999999999973 40
0.034999999999999906 0.44999999999999973 42
0.029999999999999905 0.44999999999999973 36
0.024999999999999904 0.44999999999999973 385
0.019999999999999903 0.44999999999999973 478
0.014999999999999902 0.44999999999999973 431
0.009999999999999901 0.44999999999999973 345
0.004999999999999901 0.44999999999999973 432

0.2 0.39999999999999974 2000
0.195 0.39999999999999974 2000
0.19 0.39999999999999974 2000
0.185 0.39999999999999974 2000
0.18 0.39999999999999974 2000
0.175 0.39999999999999974 2000
0.16999999999999998 0.39999999999999974 2000
0.16499999999999998 0.39999999999999974 2000
0.15999999999999998 0.39999999999999974 2000
0.15499999999999997 0.39999999999999974 2000
0.14999999999999997 0.39999999999999974 2000
0.14499999999999996 0.39999999999999974 2000
0.13999999999999996 0.39999999999999974 2000
0.13499999999999995 0.39999999999999974 2000
0.12999999999999995 0.39999999999999974 2000
0.12499999999999994 0.39999999999999974 2000
0.11999999999999994 0.39999999999999974 2000
0.11499999999999994 0.39999999999999974 2000
0.10999999999999993 0.39999999999999974 2000
0.10499999999999993 0.39999999999999974 2000
0.09999999999999992 0.39999999999999974 2000
0.09499999999999992 0.39999999999999974 2000
0.08999999999999991 0.39999999999999974 1940
0.08499999999999991 0.39999999999999974 1532
0.0799999999999999 0.39999999999999974 613
0.0749999999999999 0.39999999999999974 232
0.0699999999999999 0.39999999999999974 114
0.06499999999999989 0.39999999999999974 83
0.059999999999999894 0.39999999999999974 77
0.054999999999999896 0.39999999999999974 65
0.0499999999999999 0.39999999999999974 55
0.0449999999999999 0.39999999999999974 55
0.039999999999999904 0.39999999999999974 36
0.034999999999999906 0.39999999999999974 54
0.029999999999999905 0.39999999999999974 53
0.024999999999999904 0.39999999999999974 345
0.019999999999999903 0.39999999999999974 411
0.014999999999999902 0.39999999999999974 613
0.009999999999999901 0.39999999999999974 928
0.004999999999999901 0.39999999999999974 1354

0.2 0.34999999999999976 2000
0.195 0.34999999999999976 2000
0.19 0.34999999999999976 2000
0.185 0.34999999999999976 2000
0.18 0.34999999999999976 2000
0.175 0.34999999999999976 2000
0.16999999999999998 0.34999999999999976 2000
0.16499999999999998 0.34999999999999976 2000
0.15999999999999998 0.34999999999999976 2000
0.15499999999999997 0.34999999999999976 2000
0.14999999999999997 0.34999999999999976 2000
0.14499999999999996 0.34999999999999976 2000
0.13999999999999996 0.34999999999999976 2000
0.13499999999999995 0.34999999999999976 2000
0.12999999999999995 0.34999999999999976 2000
0.12499999999999994 0.34999999999999976 2000
0.11999999999999994 0.34999999999999976 2000
0.11499999999999994 0.34999999999999976 2000
0.10999999999999993 0.34999999999999976 2000
0.10499999999999993 0.34999999999999976 2000
0.09999999999999992 0.34999999999999976 2000
0.09499999999999992 0.34999999999999976 2000
0.08999999999999991 0.34999999999999976 2000
0.08499999999999991 0.34999999999999976 1935
0.0799999999999999 0.34999999999999976 1672
0.0749999999999999 0.34999999999999976 599
0.0699999999999999 0.34999999999999976 173
0.06499999999999989 0.34999999999999976 109
0.059999999999999894 0.34999999999999976 69
0.054999999999999896 0.34999999999999976 73
0.0499999999999999 0.34999999999999976 54
0.0449999999999999 0.34999999999999976 50
0.039999999999999904 0.34999999999999976 47
0.034999999999999906 0.34999999999999976 58
0.029999999999999905 0.34999999999999976 54
0.024999999999999904 0.34999999999999976 237
0.019999999999999903 0.34999999999999976 663
0.014999999999999902 0.34999999999999976 547
0.009999999999999901 0.34999999999999976 722
0.004999999999999901 0.34999999999999976 1455

0.2 0.29999999999999977 2000
0.195 0.29999999999999977 2000
0.19 0.29999999999999977 2000
0.185 0.29999999999999977 2000
0.18 0.29999999999999977 2000
0.175 0.29999999999999977 2000
0.16999999999999998 0.29999999999999977 2000
0.16499999999999998 0.29999999999999977 2000
0.15999999999999998 0.29999999999999977 2000
0.15499999999999997 0.29999999999999977 2000
0.14999999999999997 0.29999999999999977 2000
0.14499999999999996 0.29999999999999977 2000
0.13999999999999996 0.29999999999999977 2000
0.13499999999999995 0.29999999999999977 2000
0.12999999999999995 0.29999999999999977 2000
0.12499999999999994 0.29999999999999977 2000
0.11999999999999994 0.29999999999999977 2000
0.11499999999999994 0.29999999999999977 2000
0.10999999999999993 0.29999999999999977 2000
0.10499999999999993 0.29999999999999977 2000
0.09999999999999992 0.29999999999999977 2000
0.09499999999999992 0.29999999999999977 2000
0.08999999999999991 0.29999999999999977 2000
0.08499999999999991 0.29999999999999977 2000
0.0799999999999999 0.29999999999999977 1961
0.0749999999999999 0.29999999999999977 1939
0.0699999999999999 0.29999999999999977 806
0.06499999999999989 0.29999999999999977 254
0.059999999999999894 0.29999999999999977 143
0.054999999999999896 0.29999999999999977 94
0.0499999999999999 0.29999999999999977 77
0.0449999999999999 0.29999999999999977 57
0.039999999999999904 0.29999999999999977 68
0.034999999999999906 0.29999999999999977 51
0.029999999999999905 0.29999999999999977 71
0.024999999999999904 0.29999999999999977 75
0.019999999999999903 0.29999999999999977 441
0.014999999999999902 0.29999999999999977 667
0.009999999999999901 0.29999999999999977 1124
0.004999999999999901 0.29999999999999977 1204

0.2 0.24999999999999978 2000
0.195 0.24999999999999978 2000
0.19 0.24999999999999978 2000
0.185 0.24999999999999978 2000
0.18 0.24999999999999978 2000
0.175 0.24999999999999978 2000
0.16999999999999998 0.24999999999999978 2000
0.16499999999999998 0.24999999999999978 2000
0.15999999999999998 0.24999999999999978 2000
0.15499999999999997 0.24999999999999978 2000
0.14999999999999997 0.24999999999999978 2000
0.14499999999999996 0.24999999999999978 2000
0.13999999999999996 0.24999999999999978 2000
0.13499999999999995 0.24999999999999978 2000
0.12999999999999995 0.24999999999999978 2000
0.12499999999999994 0.24999999999999978 2000
0.11999999999999994 0.24999999999999978 2000
0.11499999999999994 0.24999999999999978 2000
0.10999999999999993 0.24999999999999978 2000
0.10499999999999993 0.24999999999999978 2000
0.09999999999999992 0.24999999999999978 2000
0.09499999999999992 0.24999999999999978 2000
0.08999999999999991 0.24999999999999978 2000
0.08499999999999991 0.24999999999999978 2000
0.0799999999999999 0.24999999999999978 2000
0.0749999999999999 0.24999999999999978 2000
0.0699999999999999 0.24999999999999978 1811
0.06499999999999989 0.24999999999999978 938
0.059999999999999894 0.24999999999999978 243
0.054999999999999896 0.24999999999999978 130
0.0499999999999999 0.24999999999999978 106
0.0449999999999999 0.24999999999999978 88
0.039999999999999904 0.24999999999999978 75
0.034999999999999906 0.24999999999999978 73
0.029999999999999905 0.24999999999999978 79
0.024999999999999904 0.24999999999999978 57
0.019999999999999903 0.24999999999999978 336
0.014999999999999902 0.24999999999999978 774
0.009999999999999901 0.24999999999999978 1020
0.004999999999999901 0.24999999999999978 1527

0.2 0.1999999999999998 2000
0.195 0.1999999999999998 2000
0.19 0.1999999999999998 2000
0.185 0.1999999999999998 2000
0.18 0.1999999999999998 2000
0.175 0.1999999999999998 2000
0.16999999999999998 0.1999999999999998 2000
0.16499999999999998 0.1999999999999998 2000
0.15999999999999998 0.1999999999999998 2000
0.15499999999999997 0.1999999999999998 2000
0.14999999999999997 0.1999999999999998 2000
0.14499999999999996 0.1999999999999998 2000
0.13999999999999996 0.1999999999999998 2000
0.13499999999999995 0.1999999999999998 2000
0.12999999999999995 0.1999999999999998 2000
0.12499999999999994 0.1999999999999998 2000
0.11999999999999994 0.1999999999999998 2000
0.11499999999999994 0.1999999999999998 2000
0.10999999999999993 0.1999999999999998 2000
0.10499999999999993 0.1999999999999998 2000
0.09999999999999992 0.1999999999999998 2000
0.09499999999999992 0.1999999999999998 2000
0.08999999999999991 0.1999999999999998 2000
0.08499999999999991 0.1999999999999998 2000
0.0799999999999999 0.1999999999999998 2000
0.0749999999999999 0.1999999999999998 2000
0.0699999999999999 0.1999999999999998 2000
0.06499999999999989 0.1999999999999998 2000
0.059999999999999894 0.1999999999999998 1154
0.054999999999999896 0.1999999999999998 335
0.0499999999999999 0.1999999999999998 227
0.0449999999999999 0.1999999999999998 95
0.039999999999999904 0.1999999999999998 101
0.034999999999999906 0.1999999999999998 95
0.029999999999999905 0.1999999999999998 89
0.024999999999999904 0.1999999999999998 66
0.019999999999999903 0.1999999999999998 190
0.014999999999999902 0.1999999999999998 668
0.009999999999999901 0.1999999999999998 786
0.004999999999999901 0.1999999999999998 1717

0.2 0.1499999999999998 2000
0.195 0.1499999999999998 2000
0.19 0.1499999999999998 2000
0.185 0.1499999999999998 2000
0.18 0.1499999999999998 2000
0.175 0.1499999999999998 2000
0.16999999999999998 0.1499999999999998 2000
0.16499999999999998 0.1499999999999998 2000
0.15999999999999998 0.1499999999999998 2000
0.15499999999999997 0.1499999999999998 2000
0.14999999999999997 0.1499999999999998 2000
0.14499999999999996 0.1499999999999998 2000
0.13999999999999996 0.1499999999999998 2000
0.13499999999999995 0.1499999999999998 2000
0.12999999999999995 0.1499999999999998 2000
0.12499999999999994 0.1499999999999998 2000
0.11999999999999994 0.1499999999999998 2000
0.11499999999999994 0.1499999999999998 2000
0.10999999999999993 0.1499999999999998 2000
0.10499999999999993 0.1499999999999998 2000
0.09999999999999992 0.1499999999999998 2000
0.09499999999999992 0.1499999999999998 2000
0.08999999999999991 0.1499999999999998 2000
0.08499999999999991 0.1499999999999998 2000
0.0799999999999999 0.1499999999999998 2000
0.0749999999999999 0.1499999999999998 2000
0.0699999999999999 0.1499999999999998 2000
0.06499999999999989 0.1499999999999998 2000
0.059999999999999894 0.1499999999999998 2000
0.054999999999999896 0.1499999999999998 1844
0.0499999999999999 0.1499999999999998 652
0.0449999999999999 0.1499999999999998 208
0.039999999999999904 0.1499999999999998 159
0.034999999999999906 0.1499999999999998 150
0.029999999999999905 0.1499999999999998 104
0.024999999999999904 0.1499999999999998 115
0.019999999999999903 0.1499999999999998 189
0.014999999999999902 0.1499999999999998 696
0.009999999999999901 0.1499999999999998 1365
0.004999999999999901 0.1499999999999998 1575

0.2 0.0999999999999998 2000
0.195 0.0999999999999998 2000
0.19 0.0999999999999998 2000
0.185 0.0999999999999998 2000
0.18 0.0999999999999998 2000
0.175 0.0999999999999998 2000
0.16999999999999998 0.0999999999999998 2000
0.16499999999999998 0.0999999999999998 2000
0.15999999999999998 0.0999999999999998 2000
0.15499999999999997 0.0999999999999998 2000
0.14999999999999997 0.0999999999999998 2000
0.14499999999999996 0.0999999999999998 2000
0.13999999999999996 0.0999999999999998 2000
0.13499999999999995 0.0999999999999998 2000
0.12999999999999995 0.0999999999999998 2000
0.12499999999999994 0.0999999999999998 2000
0.11999999999999994 0.0999999999999998 2000
0.11499999999999994 0.0999999999999998 2000
0.10999999999999993 0.0999999999999998 2000
0.10499999999999993 0.0999999999999998 2000
0.09999999999999992 0.0999999999999998 2000
0.09499999999999992 0.0999999999999998 2000
0.08999999999999991 0.0999999999999998 2000
0.08499999999999991 0.0999999999999998 2000
0.0799999999999999 0.0999999999999998 2000
0.0749999999999999 0.0999999999999998 2000
0.0699999999999999 0.0999999999999998 2000
0.06499999999999989 0.0999999999999998 2000
0.059999999999999894 0.0999999999999998 2000
0.054999999999999896 0.0999999999999998 2000
0.0499999999999999 0.0999999999999998 1922
0.0449999999999999 0.0999999999999998 1779
0.039999999999999904 0.0999999999999998 480
0.034999999999999906 0.0999999999999998 240
0.029999999999999905 0.0999999999999998 154
0.024999999999999904 0.0999999999999998 192
0.019999999999999903 0.0999999999999998 182
0.014999999999999902 0.0999999999999998 953
0.009999999999999901 0.0999999999999998 1286
0.004999999999999901 0.0999999999999998 1852

0.2 0.049999999999999795 2000
0.195 0.049999999999999795 2000
0.19 0.049999999999999795 2000
0.185 0.049999999999999795 2000
0.18 0.049999999999999795 2000
0.175 0.049999999999999795 2000
0.16999999999999998 0.049999999999999795 2000
0.16499999999999998 0.049999999999999795 2000
0.15999999999999998 0.049999999999999795 2000
0.15499999999999997 0.049999999999999795 2000
0.14999999999999997 0.049999999999999795 2000
0.14499999999999996 0.049999999999999795 2000
0.13999999999999996 0.049999999999999795 2000
0.13499999999999995 0.049999999999999795 2000
0.12999999999999995 0.049999999999999795 2000
0.12499999999999994 0.049999999999999795 2000
0.11999999999999994 0.049999999999999795 2000
0.11499999999999994 0.049999999999999795 2000
0.10999999999999993 0.049999999999999795 2000
0.10499999999999993 0.049999999999999795 2000
0.09999999999999992 0.049999999999999795 2000
0.09499999999999992 0.049999999999999795 2000
0.08999999999999991 0.049999999999999795 2000
0.08499999999999991 0.049999999999999795 2000
0.0799999999999999 0.049999999999999795 2000
0.0749999999999999 0.049999999999999795 2000
0.0699999999999999 0.049999999999999795 2000
0.06499999999999989 0.049999999999999795 2000
0.059999999999999894 0.049999999999999795 2000
0.054999999999999896 0.049999999999999795 2000
0.0499999999999999 0.049999999999999795 2000
0.0449999999999999 0.049999999999999795 2000
0.039999999999999904 0.049999999999999795 2000
0.034999999999999906 0.049999999999999795 1703
0.029999999999999905 0.049999999999999795 574
0.024999999999999904 0.049999999999999795 296
0.019999999999999903 0.049999999999999795 372
0.014999999999999902 0.049999999999999795 782
0.009999999999999901 0.049999999999999795 1713
0.004999999999999901 0.049999999999999795 2000
