0.2 0.9 726
0.195 0.9 498
0.19 0.9 466
0.185 0.9 361
0.18 0.9 252
0.175 0.9 259
0.16999999999999998 0.9 263
0.16499999999999998 0.9 193
0.15999999999999998 0.9 132
0.15499999999999997 0.9 118
0.14999999999999997 0.9 101
0.14499999999999996 0.9 102
0.13999999999999996 0.9 94
0.13499999999999995 0.9 76
0.12999999999999995 0.9 55
0.12499999999999994 0.9 60
0.11999999999999994 0.9 48
0.11499999999999994 0.9 43
0.10999999999999993 0.9 35
0.10499999999999993 0.9 36
0.09999999999999992 0.9 30
0.09499999999999992 0.9 27
0.08999999999999991 0.9 26
0.08499999999999991 0.9 21
0.0799999999999999 0.9 22
0.0749999999999999 0.9 21
0.0699999999999999 0.9 22
0.06499999999999989 0.9 18
0.059999999999999894 0.9 20
0.054999999999999896 0.9 21
0.0499999999999999 0.9 18
0.0449999999999999 0.9 20
0.039999999999999904 0.9 19
0.034999999999999906 0.9 19
0.029999999999999905 0.9 21
0.024999999999999904 0.9 24
0.019999999999999903 0.9 30
0.014999999999999902 0.9 33
0.009999999999999901 0.9 53
0.004999999999999901 0.9 105

0.2 0.85 766
0.195 0.85 569
0.19 0.85 434
0.185 0.85 410
0.18 0.85 314
0.175 0.85 260
0.16999999999999998 0.85 180
0.16499999999999998 0.85 186
0.15999999999999998 0.85 143
0.15499999999999997 0.85 131
0.14999999999999997 0.85 117
0.14499999999999996 0.85 89
0.13999999999999996 0.85 81
0.13499999999999995 0.85 78
0.12999999999999995 0.85 56
0.12499999999999994 0.85 52
0.11999999999999994 0.85 46
0.11499999999999994 0.85 48
0.10999999999999993 0.85 43
0.10499999999999993 0.85 32
0.09999999999999992 0.85 35
0.09499999999999992 0.85 33
0.08999999999999991 0.85 34
0.08499999999999991 0.85 27
0.0799999999999999 0.85 26
0.0749999999999999 0.85 22
0.0699999999999999 0.85 21
0.06499999999999989 0.85 24
0.059999999999999894 0.85 19
0.054999999999999896 0.85 22
0.0499999999999999 0.85 19
0.0449999999999999 0.85 19
0.039999999999999904 0.85 19
0.034999999999999906 0.85 20
0.029999999999999905 0.85 21
0.024999999999999904 0.85 26
0.019999999999999903 0.85 28
0.014999999999999902 0.85 32
0.009999999999999901 0.85 63
0.004999999999999901 0.85 161

0.2 0.7999999999999999 835
0.195 0.7999999999999999 578
0.19 0.7999999999999999 497
0.185 0.7999999999999999 394
0.18 0.7999999999999999 449
0.175 0.7999999999999999 308
0.16999999999999998 0.7999999999999999 281
0.16499999999999998 0.7999999999999999 204
0.15999999999999998 0.7999999999999999 172
0.15499999999999997 0.7999999999999999 155
0.14999999999999997 0.7999999999999999 123
0.14499999999999996 0.7999999999999999 98
0.13999999999999996 0.7999999999999999 84
0.13499999999999995 0.7999999999999999 71
0.12999999999999995 0.7999999999999999 71
0.12499999999999994 0.7999999999999999 62
0.11999999999999994 0.7999999999999999 49
0.11499999999999994 0.7999999999999999 47
0.10999999999999993 0.7999999999999999 46
0.10499999999999993 0.7999999999999999 37
0.09999999999999992 0.7999999999999999 33
0.09499999999999992 0.7999999999999999 29
0.08999999999999991 0.7999999999999999 31
0.08499999999999991 0.7999999999999999 28
0.0799999999999999 0.7999999999999999 26
0.0749999999999999 0.7999999999999999 23
0.0699999999999999 0.7999999999999999 22
0.06499999999999989 0.7999999999999999 22
0.059999999999999894 0.7999999999999999 24
0.054999999999999896 0.7999999999999999 19
0.0499999999999999 0.7999999999999999 20
0.0449999999999999 0.7999999999999999 22
0.039999999999999904 0.7999999999999999 22
0.034999999999999906 0.7999999999999999 23
0.029999999999999905 0.7999999999999999 21
0.024999999999999904 0.7999999999999999 25
0.019999999999999903 0.7999999999999999 29
0.014999999999999902 0.7999999999999999 43
0.009999999999999901 0.7999999999999999 55
0.004999999999999901 0.7999999999999999 128

0.2 0.7499999999999999 942
0.195 0.7499999999999999 704
0.19 0.7499999999999999 484
0.185 0.7499999999999999 389
0.18 0.7499999999999999 459
0.175 0.7499999999999999 289
0.16999999999999998 0.7499999999999999 305
0.16499999999999998 0.7499999999999999 228
0.15999999999999998 0.7499999999999999 195
0.15499999999999997 0.7499999999999999 147
0.14999999999999997 0.7499999999999999 122
0.14499999999999996 0.7499999999999999 112
0.13999999999999996 0.7499999999999999 111
0.13499999999999995 0.7499999999999999 89
0.12999999999999995 0.7499999999999999 73
0.12499999999999994 0.7499999999999999 68
0.11999999999999994 0.7499999999999999 62
0.11499999999999994 0.7499999999999999 67
0.10999999999999993 0.7499999999999999 57
0.10499999999999993 0.7499999999999999 42
0.09999999999999992 0.7499999999999999 39
0.09499999999999992 0.7499999999999999 32
0.08999999999999991 0.7499999999999999 32
0.08499999999999991 0.7499999999999999 27
0.0799999999999999 0.7499999999999999 25
0.0749999999999999 0.7499999999999999 28
0.0699999999999999 0.7499999999999999 25
0.06499999999999989 0.7499999999999999 23
0.059999999999999894 0.7499999999999999 23
0.054999999999999896 0.7499999999999999 21
0.0499999999999999 0.7499999999999999 22
0.0449999999999999 0.7499999999999999 21
0.039999999999999904 0.7499999999999999 23
0.034999999999999906 0.7499999999999999 23
0.029999999999999905 0.7499999999999999 26
0.024999999999999904 0.7499999999999999 25
0.019999999999999903 0.7499999999999999 30
0.014999999999999902 0.7499999999999999 40
0.009999999999999901 0.7499999999999999 161
0.004999999999999901 0.7499999999999999 110

0.2 0.6999999999999998 839
0.195 0.6999999999999998 819
0.19 0.6999999999999998 697
0.185 0.6999999999999998 413
0.18 0.6999999999999998 510
0.175 0.6999999999999998 410
0.16999999999999998 0.6999999999999998 305
0.16499999999999998 0.6999999999999998 265
0.15999999999999998 0.6999999999999998 217
0.15499999999999997 0.6999999999999998 183
0.14999999999999997 0.6999999999999998 164
0.14499999999999996 0.6999999999999998 123
0.13999999999999996 0.6999999999999998 109
0.13499999999999995 0.6999999999999998 84
0.12999999999999995 0.6999999999999998 82
0.12499999999999994 0.6999999999999998 80
0.11999999999999994 0.6999999999999998 68
0.11499999999999994 0.6999999999999998 61
0.10999999999999993 0.6999999999999998 51
0.10499999999999993 0.6999999999999998 45
0.09999999999999992 0.6999999999999998 39
0.09499999999999992 0.6999999999999998 37
0.08999999999999991 0.6999999999999998 35
0.08499999999999991 0.6999999999999998 38
0.0799999999999999 0.6999999999999998 26
0.0749999999999999 0.6999999999999998 32
0.0699999999999999 0.6999999999999998 25
0.06499999999999989 0.6999999999999998 23
0.059999999999999894 0.6999999999999998 25
0.054999999999999896 0.6999999999999998 23
0.0499999999999999 0.6999999999999998 48
0.0449999999999999 0.6999999999999998 24
0.039999999999999904 0.6999999999999998 23
0.034999999999999906 0.6999999999999998 21
0.029999999999999905 0.6999999999999998 25
0.024999999999999904 0.6999999999999998 29
0.019999999999999903 0.6999999999999998 37
0.014999999999999902 0.6999999999999998 42
0.009999999999999901 0.6999999999999998 56
0.004999999999999901 0.6999999999999998 172

0.2 0.6499999999999998 939
0.195 0.6499999999999998 854
0.19 0.6499999999999998 691
0.185 0.6499999999999998 516
0.18 0.6499999999999998 456
0.175 0.6499999999999998 365
0.16999999999999998 0.6499999999999998 342
0.16499999999999998 0.6499999999999998 271
0.15999999999999998 0.6499999999999998 279
0.15499999999999997 0.6499999999999998 200
0.14999999999999997 0.6499999999999998 147
0.14499999999999996 0.6499999999999998 149
0.13999999999999996 0.6499999999999998 129
0.13499999999999995 0.6499999999999998 128
0.12999999999999995 0.6499999999999998 83
0.12499999999999994 0.6499999999999998 79
0.11999999999999994 0.6499999999999998 82
0.11499999999999994 0.6499999999999998 55
0.10999999999999993 0.6499999999999998 51
0.10499999999999993 0.6499999999999998 47
0.09999999999999992 0.6499999999999998 49
0.09499999999999992 0.6499999999999998 39
0.08999999999999991 0.6499999999999998 35
0.08499999999999991 0.6499999999999998 41
0.0799999999999999 0.6499999999999998 33
0.0749999999999999 0.6499999999999998 27
0.0699999999999999 0.6499999999999998 27
0.06499999999999989 0.6499999999999998 28
0.059999999999999894 0.6499999999999998 25
0.054999999999999896 0.6499999999999998 30
0.0499999999999999 0.6499999999999998 23
0.0449999999999999 0.6499999999999998 25
0.039999999999999904 0.6499999999999998 24
0.034999999999999906 0.6499999999999998 23
0.029999999999999905 0.6499999999999998 25
0.024999999999999904 0.6499999999999998 30
0.019999999999999903 0.6499999999999998 36
0.014999999999999902 0.6499999999999998 45
0.009999999999999901 0.6499999999999998 63
0.004999999999999901 0.6499999999999998 151

0.2 0.5999999999999998 886
0.195 0.5999999999999998 792
0.19 0.5999999999999998 951
0.185 0.5999999999999998 550
0.18 0.5999999999999998 548
0.175 0.5999999999999998 413
0.16999999999999998 0.5999999999999998 410
0.16499999999999998 0.5999999999999998 307
0.15999999999999998 0.5999999999999998 238
0.15499999999999997 0.5999999999999998 211
0.14999999999999997 0.5999999999999998 208
0.14499999999999996 0.5999999999999998 165
0.13999999999999996 0.5999999999999998 126
0.13499999999999995 0.5999999999999998 109
0.12999999999999995 0.5999999999999998 115
0.12499999999999994 0.5999999999999998 105
0.11999999999999994 0.5999999999999998 80
0.11499999999999994 0.5999999999999998 68
0.10999999999999993 0.5999999999999998 59
0.10499999999999993 0.5999999999999998 56
0.09999999999999992 0.5999999999999998 45
0.09499999999999992 0.5999999999999998 51
0.08999999999999991 0.5999999999999998 38
0.08499999999999991 0.5999999999999998 35
0.0799999999999999 0.5999999999999998 28
0.0749999999999999 0.5999999999999998 29
0.0699999999999999 0.5999999999999998 30
0.06499999999999989 0.5999999999999998 29
0.059999999999999894 0.5999999999999998 27
0.054999999999999896 0.5999999999999998 28
0.0499999999999999 0.5999999999999998 24
0.0449999999999999 0.5999999999999998 25
0.039999999999999904 0.5999999999999998 26
0.034999999999999906 0.5999999999999998 27
0.029999999999999905 0.5999999999999998 30
0.024999999999999904 0.5999999999999998 31
0.019999999999999903 0.5999999999999998 44
0.014999999999999902 0.5999999999999998 46
0.009999999999999901 0.5999999999999998 86
0.004999999999999901 0.5999999999999998 220

0.2 0.5499999999999997 1084
0.195 0.5499999999999997 1066
0.19 0.5499999999999997 750
0.185 0.5499999999999997 751
0.18 0.5499999999999997 600
0.175 0.5499999999999997 613
0.16999999999999998 0.5499999999999997 407
0.16499999999999998 0.5499999999999997 361
0.15999999999999998 0.5499999999999997 315
0.15499999999999997 0.5499999999999997 243
0.14999999999999997 0.5499999999999997 223
0.14499999999999996 0.5499999999999997 160
0.13999999999999996 0.5499999999999997 137
0.13499999999999995 0.5499999999999997 138
0.12999999999999995 0.5499999999999997 103
0.12499999999999994 0.5499999999999997 86
0.11999999999999994 0.5499999999999997 87
0.11499999999999994 0.5499999999999997 78
0.10999999999999993 0.5499999999999997 62
0.10499999999999993 0.5499999999999997 66
0.09999999999999992 0.5499999999999997 56
0.09499999999999992 0.5499999999999997 53
0.08999999999999991 0.5499999999999997 36
0.08499999999999991 0.5499999999999997 45
0.0799999999999999 0.5499999999999997 32
0.0749999999999999 0.5499999999999997 33
0.0699999999999999 0.5499999999999997 37
0.06499999999999989 0.5499999999999997 31
0.059999999999999894 0.5499999999999997 27
0.054999999999999896 0.5499999999999997 33
0.0499999999999999 0.5499999999999997 26
0.0449999999999999 0.5499999999999997 27
0.039999999999999904 0.5499999999999997 29
0.034999999999999906 0.5499999999999997 26
0.029999999999999905 0.5499999999999997 30
0.024999999999999904 0.5499999999999997 30
0.019999999999999903 0.5499999999999997 42
0.014999999999999902 0.5499999999999997 46
0.009999999999999901 0.5499999999999997 104
0.004999999999999901 0.5499999999999997 255

0.2 0.4999999999999997 1293
0.195 0.4999999999999997 1024
0.19 0.4999999999999997 982
0.185 0.4999999999999997 859
0.18 0.4999999999999997 574
0.175 0.4999999999999997 507
0.16999999999999998 0.4999999999999997 445
0.16499999999999998 0.4999999999999997 403
0.15999999999999998 0.4999999999999997 363
0.15499999999999997 0.4999999999999997 277
0.14999999999999997 0.4999999999999997 205
0.14499999999999996 0.4999999999999997 202
0.13999999999999996 0.4999999999999997 164
0.13499999999999995 0.4999999999999997 178
0.12999999999999995 0.4999999999999997 128
0.12499999999999994 0.4999999999999997 104
0.11999999999999994 0.4999999999999997 107
0.11499999999999994 0.4999999999999997 89
0.10999999999999993 0.4999999999999997 75
0.10499999999999993 0.4999999999999997 71
0.09999999999999992 0.4999999999999997 65
0.09499999999999992 0.4999999999999997 55
0.08999999999999991 0.4999999999999997 43
0.08499999999999991 0.4999999999999997 42
0.0799999999999999 0.4999999999999997 38
0.0749999999999999 0.4999999999999997 42
0.0699999999999999 0.4999999999999997 30
0.06499999999999989 0.4999999999999997 38
0.059999999999999894 0.4999999999999997 31
0.054999999999999896 0.4999999999999997 31
0.0499999999999999 0.4999999999999997 27
0.0449999999999999 0.4999999999999997 31
0.039999999999999904 0.4999999999999997 34
0.034999999999999906 0.4999999999999997 28
0.029999999999999905 0.4999999999999997 35
0.024999999999999904 0.4999999999999997 30
0.019999999999999903 0.4999999999999997 37
0.014999999999999902 0.4999999999999997 63
0.009999999999999901 0.4999999999999997 81
0.004999999999999901 0.4999999999999997 193

0.2 0.44999999999999973 1342
0.195 0.44999999999999973 1275
0.19 0.44999999999999973 987
0.185 0.44999999999999973 910
0.18 0.44999999999999973 736
0.175 0.44999999999999973 709
0.16999999999999998 0.44999999999999973 620
0.16499999999999998 0.44999999999999973 454
0.15999999999999998 0.44999999999999973 460
0.15499999999999997 0.44999999999999973 421
0.14999999999999997 0.44999999999999973 252
0.14499999999999996 0.44999999999999973 222
0.13999999999999996 0.44999999999999973 217
0.13499999999999995 0.44999999999999973 176
0.12999999999999995 0.44999999999999973 149
0.12499999999999994 0.44999999999999973 118
0.11999999999999994 0.44999999999999973 113
0.11499999999999994 0.44999999999999973 86
0.10999999999999993 0.44999999999999973 83
0.10499999999999993 0.44999999999999973 81
0.09999999999999992 0.44999999999999973 88
0.09499999999999992 0.44999999999999973 58
0.08999999999999991 0.44999999999999973 56
0.08499999999999991 0.44999999999999973 49
0.0799999999999999 0.44999999999999973 46
0.0749999999999999 0.44999999999999973 33
0.0699999999999999 0.44999999999999973 49
0.06499999999999989 0.44999999999999973 39
0.059999999999999894 0.44999999999999973 32
0.054999999999999896 0.44999999999999973 32
0.0499999999999999 0.44999999999999973 35
0.0449999999999999 0.44999999999999973 34
0.039999999999999904 0.44999999999999973 33
0.034999999999999906 0.44999999999999973 35
0.029999999999999905 0.44999999999999973 32
0.024999999999999904 0.44999999999999973 42
0.019999999999999903 0.44999999999999973 44
0.014999999999999902 0.44999999999999973 56
0.009999999999999901 0.44999999999999973 92
0.004999999999999901 0.44999999999999973 339

0.2 0.39999999999999974 1498
0.195 0.39999999999999974 1300
0.19 0.39999999999999974 1154
0.185 0.39999999999999974 913
0.18 0.39999999999999974 784
0.175 0.39999999999999974 789
0.16999999999999998 0.39999999999999974 695
0.16499999999999998 0.39999999999999974 535
0.15999999999999998 0.39999999999999974 460
0.15499999999999997 0.39999999999999974 424
0.14999999999999997 0.39999999999999974 340
0.14499999999999996 0.39999999999999974 316
0.13999999999999996 0.39999999999999974 224
0.13499999999999995 0.39999999999999974 178
0.12999999999999995 0.39999999999999974 188
0.12499999999999994 0.39999999999999974 168
0.11999999999999994 0.39999999999999974 144
0.11499999999999994 0.39999999999999974 119
0.10999999999999993 0.39999999999999974 109
0.10499999999999993 0.39999999999999974 88
0.09999999999999992 0.39999999999999974 88
0.09499999999999992 0.39999999999999974 69
0.08999999999999991 0.39999999999999974 54
0.08499999999999991 0.39999999999999974 67
0.0799999999999999 0.39999999999999974 50
0.0749999999999999 0.39999999999999974 52
0.0699999999999999 0.39999999999999974 42
0.06499999999999989 0.39999999999999974 42
0.059999999999999894 0.39999999999999974 42
0.054999999999999896 0.39999999999999974 39
0.0499999999999999 0.39999999999999974 34
0.0449999999999999 0.39999999999999974 34
0.039999999999999904 0.39999999999999974 41
0.034999999999999906 0.39999999999999974 33
0.029999999999999905 0.39999999999999974 43
0.024999999999999904 0.39999999999999974 45
0.019999999999999903 0.39999999999999974 48
0.014999999999999902 0.39999999999999974 62
0.009999999999999901 0.39999999999999974 81
0.004999999999999901 0.39999999999999974 351

0.2 0.34999999999999976 1733
0.195 0.34999999999999976 1349
0.19 0.34999999999999976 1178
0.185 0.34999999999999976 1093
0.18 0.34999999999999976 1094
0.175 0.34999999999999976 733
0.16999999999999998 0.34999999999999976 694
0.16499999999999998 0.34999999999999976 553
0.15999999999999998 0.34999999999999976 483
0.15499999999999997 0.34999999999999976 480
0.14999999999999997 0.34999999999999976 368
0.14499999999999996 0.34999999999999976 353
0.13999999999999996 0.34999999999999976 332
0.13499999999999995 0.34999999999999976 253
0.12999999999999995 0.34999999999999976 208
0.12499999999999994 0.34999999999999976 237
0.11999999999999994 0.34999999999999976 178
0.11499999999999994 0.34999999999999976 160
0.10999999999999993 0.34999999999999976 127
0.10499999999999993 0.34999999999999976 101
0.09999999999999992 0.34999999999999976 97
0.09499999999999992 0.34999999999999976 74
0.08999999999999991 0.34999999999999976 72
0.08499999999999991 0.34999999999999976 55
0.0799999999999999 0.34999999999999976 60
0.0749999999999999 0.34999999999999976 47
0.0699999999999999 0.34999999999999976 47
0.06499999999999989 0.34999999999999976 51
0.059999999999999894 0.34999999999999976 44
0.054999999999999896 0.34999999999999976 70
0.0499999999999999 0.34999999999999976 47
0.0449999999999999 0.34999999999999976 40
0.039999999999999904 0.34999999999999976 46
0.034999999999999906 0.34999999999999976 40
0.029999999999999905 0.34999999999999976 42
0.024999999999999904 0.34999999999999976 47
0.019999999999999903 0.34999999999999976 53
0.014999999999999902 0.34999999999999976 66
0.009999999999999901 0.34999999999999976 188
0.004999999999999901 0.34999999999999976 405

0.2 0.29999999999999977 1790
0.195 0.29999999999999977 1475
0.19 0.29999999999999977 1512
0.185 0.29999999999999977 1238
0.18 0.29999999999999977 1225
0.175 0.29999999999999977 1025
0.16999999999999998 0.29999999999999977 782
0.16499999999999998 0.29999999999999977 684
0.15999999999999998 0.29999999999999977 590
0.15499999999999997 0.29999999999999977 571
0.14999999999999997 0.29999999999999977 456
0.14499999999999996 0.29999999999999977 350
0.13999999999999996 0.29999999999999977 350
0.13499999999999995 0.29999999999999977 297
0.12999999999999995 0.29999999999999977 239
0.12499999999999994 0.29999999999999977 198
0.11999999999999994 0.29999999999999977 163
0.11499999999999994 0.29999999999999977 143
0.10999999999999993 0.29999999999999977 167
0.10499999999999993 0.29999999999999977 167
0.09999999999999992 0.29999999999999977 111
0.09499999999999992 0.29999999999999977 91
0.08999999999999991 0.29999999999999977 77
0.08499999999999991 0.29999999999999977 77
0.0799999999999999 0.29999999999999977 69
0.0749999999999999 0.29999999999999977 60
0.0699999999999999 0.29999999999999977 65
0.06499999999999989 0.29999999999999977 57
0.059999999999999894 0.29999999999999977 54
0.054999999999999896 0.29999999999999977 50
0.0499999999999999 0.29999999999999977 45
0.0449999999999999 0.29999999999999977 49
0.039999999999999904 0.29999999999999977 43
0.034999999999999906 0.29999999999999977 47
0.029999999999999905 0.29999999999999977 51
0.024999999999999904 0.29999999999999977 54
0.019999999999999903 0.29999999999999977 65
0.014999999999999902 0.29999999999999977 86
0.009999999999999901 0.29999999999999977 211
0.004999999999999901 0.29999999999999977 398

0.2 0.24999999999999978 1874
0.195 0.24999999999999978 1762
0.19 0.24999999999999978 1541
0.185 0.24999999999999978 1412
0.18 0.24999999999999978 1224
0.175 0.24999999999999978 1042
0.16999999999999998 0.24999999999999978 878
0.16499999999999998 0.24999999999999978 1044
0.15999999999999998 0.24999999999999978 837
0.15499999999999997 0.24999999999999978 641
0.14999999999999997 0.24999999999999978 510
0.14499999999999996 0.24999999999999978 584
0.13999999999999996 0.24999999999999978 363
0.13499999999999995 0.24999999999999978 432
0.12999999999999995 0.24999999999999978 254
0.12499999999999994 0.24999999999999978 311
0.11999999999999994 0.24999999999999978 212
0.11499999999999994 0.24999999999999978 218
0.10999999999999993 0.24999999999999978 176
0.10499999999999993 0.24999999999999978 136
0.09999999999999992 0.24999999999999978 119
0.09499999999999992 0.24999999999999978 114
0.08999999999999991 0.24999999999999978 100
0.08499999999999991 0.24999999999999978 93
0.0799999999999999 0.24999999999999978 103
0.0749999999999999 0.24999999999999978 90
0.0699999999999999 0.24999999999999978 73
0.06499999999999989 0.24999999999999978 61
0.059999999999999894 0.24999999999999978 62
0.054999999999999896 0.24999999999999978 69
0.0499999999999999 0.24999999999999978 61
0.0449999999999999 0.24999999999999978 54
0.039999999999999904 0.24999999999999978 48
0.034999999999999906 0.24999999999999978 51
0.029999999999999905 0.24999999999999978 59
0.024999999999999904 0.24999999999999978 70
0.019999999999999903 0.24999999999999978 59
0.014999999999999902 0.24999999999999978 80
0.009999999999999901 0.24999999999999978 132
0.004999999999999901 0.24999999999999978 505

0.2 0.1999999999999998 1915
0.195 0.1999999999999998 1913
0.19 0.1999999999999998 1819
0.185 0.1999999999999998 1673
0.18 0.1999999999999998 1483
0.175 0.1999999999999998 1257
0.16999999999999998 0.1999999999999998 1188
0.16499999999999998 0.1999999999999998 1021
0.15999999999999998 0.1999999999999998 1032
0.15499999999999997 0.1999999999999998 764
0.14999999999999997 0.1999999999999998 644
0.14499999999999996 0.1999999999999998 657
0.13999999999999996 0.1999999999999998 527
0.13499999999999995 0.1999999999999998 452
0.12999999999999995 0.1999999999999998 419
0.12499999999999994 0.1999999999999998 329
0.11999999999999994 0.1999999999999998 359
0.11499999999999994 0.1999999999999998 330
0.10999999999999993 0.1999999999999998 239
0.10499999999999993 0.1999999999999998 220
0.09999999999999992 0.1999999999999998 197
0.09499999999999992 0.1999999999999998 153
0.08999999999999991 0.1999999999999998 117
0.08499999999999991 0.1999999999999998 127
0.0799999999999999 0.1999999999999998 105
0.0749999999999999 0.1999999999999998 108
0.0699999999999999 0.1999999999999998 88
0.06499999999999989 0.1999999999999998 77
0.059999999999999894 0.1999999999999998 73
0.054999999999999896 0.1999999999999998 74
0.0499999999999999 0.1999999999999998 70
0.0449999999999999 0.1999999999999998 59
0.039999999999999904 0.1999999999999998 66
0.034999999999999906 0.1999999999999998 66
0.029999999999999905 0.1999999999999998 73
0.024999999999999904 0.1999999999999998 75
0.019999999999999903 0.1999999999999998 106
0.014999999999999902 0.1999999999999998 112
0.009999999999999901 0.1999999999999998 150
0.004999999999999901 0.1999999999999998 329

0.2 0.1499999999999998 1960
0.195 0.1499999999999998 1945
0.19 0.1499999999999998 1957
0.185 0.1499999999999998 1922
0.18 0.1499999999999998 1634
0.175 0.1499999999999998 1537
0.16999999999999998 0.1499999999999998 1359
0.16499999999999998 0.1499999999999998 1167
0.15999999999999998 0.1499999999999998 1140
0.15499999999999997 0.1499999999999998 1187
0.14999999999999997 0.1499999999999998 837
0.14499999999999996 0.1499999999999998 864
0.13999999999999996 0.1499999999999998 760
0.13499999999999995 0.1499999999999998 591
0.12999999999999995 0.1499999999999998 516
0.12499999999999994 0.1499999999999998 452
0.11999999999999994 0.1499999999999998 393
0.11499999999999994 0.1499999999999998 344
0.10999999999999993 0.1499999999999998 297
0.10499999999999993 0.1499999999999998 218
0.09999999999999992 0.1499999999999998 255
0.09499999999999992 0.1499999999999998 218
0.08999999999999991 0.1499999999999998 156
0.08499999999999991 0.1499999999999998 162
0.0799999999999999 0.1499999999999998 150
0.0749999999999999 0.1499999999999998 126
0.0699999999999999 0.1499999999999998 180
0.06499999999999989 0.1499999999999998 110
0.059999999999999894 0.1499999999999998 101
0.054999999999999896 0.1499999999999998 96
0.0499999999999999 0.1499999999999998 83
0.0449999999999999 0.1499999999999998 67
0.039999999999999904 0.1499999999999998 92
0.034999999999999906 0.1499999999999998 85
0.029999999999999905 0.1499999999999998 86
0.024999999999999904 0.1499999999999998 94
0.019999999999999903 0.1499999999999998 136
0.014999999999999902 0.1499999999999998 173
0.009999999999999901 0.1499999999999998 236
0.004999999999999901 0.1499999999999998 457

0.2 0.0999999999999998 2000
0.195 0.0999999999999998 2000
0.19 0.0999999999999998 1991
0.185 0.0999999999999998 1922
0.18 0.0999999999999998 1955
0.175 0.0999999999999998 1782
0.16999999999999998 0.0999999999999998 1491
0.16499999999999998 0.0999999999999998 1668
0.15999999999999998 0.0999999999999998 1470
0.15499999999999997 0.0999999999999998 1356
0.14999999999999997 0.0999999999999998 1153
0.14499999999999996 0.0999999999999998 1141
0.13999999999999996 0.0999999999999998 1015
0.13499999999999995 0.0999999999999998 890
0.12999999999999995 0.0999999999999998 733
0.12499999999999994 0.0999999999999998 798
0.11999999999999994 0.0999999999999998 636
0.11499999999999994 0.0999999999999998 453
0.10999999999999993 0.0999999999999998 508
0.10499999999999993 0.0999999999999998 406
0.09999999999999992 0.0999999999999998 339
0.09499999999999992 0.0999999999999998 336
0.08999999999999991 0.0999999999999998 308
0.08499999999999991 0.0999999999999998 207
0.0799999999999999 0.0999999999999998 195
0.0749999999999999 0.0999999999999998 188
0.0699999999999999 0.0999999999999998 281
0.06499999999999989 0.0999999999999998 179
0.059999999999999894 0.0999999999999998 155
0.054999999999999896 0.0999999999999998 141
0.0499999999999999 0.0999999999999998 133
0.0449999999999999 0.0999999999999998 121
0.039999999999999904 0.0999999999999998 92
0.034999999999999906 0.0999999999999998 142
0.029999999999999905 0.0999999999999998 99
0.024999999999999904 0.0999999999999998 109
0.019999999999999903 0.0999999999999998 154
0.014999999999999902 0.0999999999999998 171
0.009999999999999901 0.0999999999999998 339
0.004999999999999901 0.0999999999999998 879

0.2 0.049999999999999795 2000
0.195 0.049999999999999795 2000
0.19 0.049999999999999795 2000
0.185 0.049999999999999795 2000
0.18 0.049999999999999795 1971
0.175 0.049999999999999795 1985
0.16999999999999998 0.049999999999999795 1903
0.16499999999999998 0.049999999999999795 1916
0.15999999999999998 0.049999999999999795 1871
0.15499999999999997 0.049999999999999795 1812
0.14999999999999997 0.049999999999999795 1642
0.14499999999999996 0.049999999999999795 1532
0.13999999999999996 0.049999999999999795 1242
0.13499999999999995 0.049999999999999795 1331
0.12999999999999995 0.049999999999999795 1149
0.12499999999999994 0.049999999999999795 1184
0.11999999999999994 0.049999999999999795 928
0.11499999999999994 0.049999999999999795 906
0.10999999999999993 0.049999999999999795 817
0.10499999999999993 0.049999999999999795 532
0.09999999999999992 0.049999999999999795 618
0.09499999999999992 0.049999999999999795 471
0.08999999999999991 0.049999999999999795 431
0.08499999999999991 0.049999999999999795 396
0.0799999999999999 0.049999999999999795 380
0.0749999999999999 0.049999999999999795 502
0.0699999999999999 0.049999999999999795 344
0.06499999999999989 0.049999999999999795 256
0.059999999999999894 0.049999999999999795 327
0.054999999999999896 0.049999999999999795 324
0.0499999999999999 0.049999999999999795 277
0.0449999999999999 0.049999999999999795 196
0.039999999999999904 0.049999999999999795 213
0.034999999999999906 0.049999999999999795 253
0.029999999999999905 0.049999999999999795 259
0.024999999999999904 0.049999999999999795 280
0.019999999999999903 0.049999999999999795 218
0.014999999999999902 0.049999999999999795 374
0.009999999999999901 0.049999999999999795 544
0.004999999999999901 0.049999999999999795 970
