0.2 0.9 2000
0.195 0.9 2000
0.19 0.9 2000
0.185 0.9 2000
0.18 0.9 2000
0.175 0.9 2000
0.16999999999999998 0.9 2000
0.16499999999999998 0.9 1970
0.15999999999999998 0.9 1484
0.15499999999999997 0.9 845
0.14999999999999997 0.9 222
0.14499999999999996 0.9 118
0.13999999999999996 0.9 90
0.13499999999999995 0.9 66
0.12999999999999995 0.9 48
0.12499999999999994 0.9 39
0.11999999999999994 0.9 41
0.11499999999999994 0.9 36
0.10999999999999993 0.9 34
0.10499999999999993 0.9 36
0.09999999999999992 0.9 30
0.09499999999999992 0.9 34
0.08999999999999991 0.9 23
0.08499999999999991 0.9 22
0.0799999999999999 0.9 19
0.0749999999999999 0.9 22
0.0699999999999999 0.9 20
0.06499999999999989 0.9 22
0.059999999999999894 0.9 19
0.054999999999999896 0.9 18
0.0499999999999999 0.9 21
0.0449999999999999 0.9 20
0.039999999999999904 0.9 19
0.034999999999999906 0.9 20
0.029999999999999905 0.9 21
0.024999999999999904 0.9 23
0.019999999999999903 0.9 30
0.014999999999999902 0.9 38
0.009999999999999901 0.9 59
0.004999999999999901 0.9 117

0.2 0.85 2000
0.195 0.85 2000
0.19 0.85 2000
0.185 0.85 2000
0.18 0.85 2000
0.175 0.85 2000
0.16999999999999998 0.85 2000
0.16499999999999998 0.85 1978
0.15999999999999998 0.85 1887
0.15499999999999997 0.85 1098
0.14999999999999997 0.85 490
0.14499999999999996 0.85 200
0.13999999999999996 0.85 96
0.13499999999999995 0.85 69
0.12999999999999995 0.85 57
0.12499999999999994 0.85 45
0.11999999999999994 0.85 39
0.11499999999999994 0.85 37
0.10999999999999993 0.85 33
0.10499999999999993 0.85 31
0.09999999999999992 0.85 34
0.09499999999999992 0.85 27
0.08999999999999991 0.85 27
0.08499999999999991 0.85 27
0.0799999999999999 0.85 22
0.0749999999999999 0.85 22
0.0699999999999999 0.85 21
0.06499999999999989 0.85 20
0.059999999999999894 0.85 21
0.054999999999999896 0.85 20
0.0499999999999999 0.85 20
0.0449999999999999 0.85 19
0.039999999999999904 0.85 20
0.034999999999999906 0.85 23
0.029999999999999905 0.85 23
0.024999999999999904 0.85 25
0.019999999999999903 0.85 29
0.014999999999999902 0.85 34
0.009999999999999901 0.85 69
0.004999999999999901 0.85 176

0.2 0.7999999999999999 2000
0.195 0.7999999999999999 2000
0.19 0.7999999999999999 2000
0.185 0.7999999999999999 2000
0.18 0.7999999999999999 2000
0.175 0.7999999999999999 2000
0.16999999999999998 0.7999999999999999 1929
0.16499999999999998 0.7999999999999999 1952
0.15999999999999998 0.7999999999999999 1816
0.15499999999999997 0.7999999999999999 1215
0.14999999999999997 0.7999999999999999 651
0.14499999999999996 0.7999999999999999 255
0.13999999999999996 0.7999999999999999 123
0.13499999999999995 0.7999999999999999 65
0.12999999999999995 0.7999999999999999 62
0.12499999999999994 0.7999999999999999 47
0.11999999999999994 0.7999999999999999 47
0.11499999999999994 0.7999999999999999 39
0.10999999999999993 0.7999999999999999 37
0.10499999999999993 0.7999999999999999 33
0.09999999999999992 0.7999999999999999 28
0.09499999999999992 0.7999999999999999 29
0.08999999999999991 0.7999999999999999 34
0.08499999999999991 0.7999999999999999 26
0.0799999999999999 0.7999999999999999 27
0.0749999999999999 0.7999999999999999 23
0.0699999999999999 0.7999999999999999 23
0.06499999999999989 0.7999999999999999 23
0.059999999999999894 0.7999999999999999 20
0.054999999999999896 0.7999999999999999 25
0.0499999999999999 0.7999999999999999 18
0.0449999999999999 0.7999999999999999 20
0.039999999999999904 0.7999999999999999 20
0.034999999999999906 0.7999999999999999 22
0.029999999999999905 0.7999999999999999 24
0.024999999999999904 0.7999999999999999 23
0.019999999999999903 0.7999999999999999 28
0.014999999999999902 0.7999999999999999 31
0.009999999999999901 0.7999999999999999 80
0.004999999999999901 0.7999999999999999 127

0.2 0.7499999999999999 2000
0.195 0.7499999999999999 2000
0.19 0.7499999999999999 2000
0.185 0.7499999999999999 2000
0.18 0.7499999999999999 2000
0.175 0.7499999999999999 2000
0.16999999999999998 0.7499999999999999 2000
0.16499999999999998 0.7499999999999999 2000
0.15999999999999998 0.7499999999999999 1991
0.15499999999999997 0.7499999999999999 1801
0.14999999999999997 0.7499999999999999 904
0.14499999999999996 0.7499999999999999 412
0.13999999999999996 0.7499999999999999 154
0.13499999999999995 0.7499999999999999 98
0.12999999999999995 0.7499999999999999 71
0.12499999999999994 0.7499999999999999 55
0.11999999999999994 0.7499999999999999 45
0.11499999999999994 0.7499999999999999 43
0.10999999999999993 0.7499999999999999 41
0.10499999999999993 0.7499999999999999 40
0.09999999999999992 0.7499999999999999 34
0.09499999999999992 0.7499999999999999 31
0.08999999999999991 0.7499999999999999 26
0.08499999999999991 0.7499999999999999 25
0.0799999999999999 0.7499999999999999 26
0.0749999999999999 0.7499999999999999 24
0.0699999999999999 0.7499999999999999 24
0.06499999999999989 0.7499999999999999 27
0.059999999999999894 0.7499999999999999 20
0.054999999999999896 0.7499999999999999 21
0.0499999999999999 0.7499999999999999 21
0.0449999999999999 0.7499999999999999 22
0.039999999999999904 0.7499999999999999 25
0.034999999999999906 0.7499999999999999 22
0.029999999999999905 0.7499999999999999 21
0.024999999999999904 0.7499999999999999 24
0.019999999999999903 0.7499999999999999 35
0.014999999999999902 0.7499999999999999 33
0.009999999999999901 0.7499999999999999 71
0.004999999999999901 0.7499999999999999 103

0.2 0.6999999999999998 2000
0.195 0.6999999999999998 2000
0.19 0.6999999999999998 2000
0.185 0.6999999999999998 2000
0.18 0.6999999999999998 2000
0.175 0.6999999999999998 2000
0.16999999999999998 0.6999999999999998 2000
0.16499999999999998 0.6999999999999998 2000
0.15999999999999998 0.6999999999999998 2000
0.15499999999999997 0.6999999999999998 1812
0.14999999999999997 0.6999999999999998 1539
0.14499999999999996 0.6999999999999998 591
0.13999999999999996 0.6999999999999998 236
0.13499999999999995 0.6999999999999998 121
0.12999999999999995 0.6999999999999998 95
0.12499999999999994 0.6999999999999998 62
0.11999999999999994 0.6999999999999998 54
0.11499999999999994 0.6999999999999998 51
0.10999999999999993 0.6999999999999998 42
0.10499999999999993 0.6999999999999998 39
0.09999999999999992 0.6999999999999998 35
0.09499999999999992 0.6999999999999998 32
0.08999999999999991 0.6999999999999998 32
0.08499999999999991 0.6999999999999998 32
0.0799999999999999 0.6999999999999998 29
0.0749999999999999 0.6999999999999998 28
0.0699999999999999 0.6999999999999998 24
0.06499999999999989 0.6999999999999998 27
0.059999999999999894 0.6999999999999998 23
0.054999999999999896 0.6999999999999998 24
0.0499999999999999 0.6999999999999998 22
0.0449999999999999 0.6999999999999998 21
0.039999999999999904 0.6999999999999998 24
0.034999999999999906 0.6999999999999998 26
0.029999999999999905 0.6999999999999998 22
0.024999999999999904 0.6999999999999998 28
0.019999999999999903 0.6999999999999998 37
0.014999999999999902 0.6999999999999998 39
0.009999999999999901 0.6999999999999998 69
0.004999999999999901 0.6999999999999998 145

0.2 0.6499999999999998 2000
0.195 0.6499999999999998 2000
0.19 0.6499999999999998 2000
0.185 0.6499999999999998 2000
0.18 0.6499999999999998 2000
0.175 0.6499999999999998 2000
0.16999999999999998 0.6499999999999998 2000
0.16499999999999998 0.6499999999999998 2000
0.15999999999999998 0.6499999999999998 2000
0.15499999999999997 0.6499999999999998 2000
0.14999999999999997 0.6499999999999998 1792
0.14499999999999996 0.6499999999999998 1083
0.13999999999999996 0.6499999999999998 302
0.13499999999999995 0.6499999999999998 165
0.12999999999999995 0.6499999999999998 105
0.12499999999999994 0.6499999999999998 67
0.11999999999999994 0.6499999999999998 55
0.11499999999999994 0.6499999999999998 52
0.10999999999999993 0.6499999999999998 40
0.10499999999999993 0.6499999999999998 39
0.09999999999999992 0.6499999999999998 39
0.09499999999999992 0.6499999999999998 33
0.08999999999999991 0.6499999999999998 32
0.08499999999999991 0.6499999999999998 29
0.0799999999999999 0.6499999999999998 28
0.0749999999999999 0.6499999999999998 27
0.0699999999999999 0.6499999999999998 28
0.06499999999999989 0.6499999999999998 24
0.059999999999999894 0.6499999999999998 27
0.054999999999999896 0.6499999999999998 25
0.0499999999999999 0.6499999999999998 23
0.0449999999999999 0.6499999999999998 26
0.039999999999999904 0.6499999999999998 20
0.034999999999999906 0.6499999999999998 24
0.029999999999999905 0.6499999999999998 25
0.024999999999999904 0.6499999999999998 28
0.019999999999999903 0.6499999999999998 39
0.014999999999999902 0.6499999999999998 49
0.009999999999999901 0.6499999999999998 78
0.004999999999999901 0.6499999999999998 148

0.2 0.5999999999999998 2000
0.195 0.5999999999999998 2000
0.19 0.5999999999999998 2000
0.185 0.5999999999999998 2000
0.18 0.5999999999999998 2000
0.175 0.5999999999999998 2000
0.16999999999999998 0.5999999999999998 2000
0.16499999999999998 0.5999999999999998 2000
0.15999999999999998 0.5999999999999998 2000
0.15499999999999997 0.5999999999999998 2000
0.14999999999999997 0.5999999999999998 2000
0.14499999999999996 0.5999999999999998 1647
0.13999999999999996 0.5999999999999998 804
0.13499999999999995 0.5999999999999998 384
0.12999999999999995 0.5999999999999998 146
0.12499999999999994 0.5999999999999998 98
0.11999999999999994 0.5999999999999998 72
0.11499999999999994 0.5999999999999998 59
0.10999999999999993 0.5999999999999998 43
0.10499999999999993 0.5999999999999998 50
0.09999999999999992 0.5999999999999998 37
0.09499999999999992 0.5999999999999998 45
0.08999999999999991 0.5999999999999998 35
0.08499999999999991 0.5999999999999998 34
0.0799999999999999 0.5999999999999998 31
0.0749999999999999 0.5999999999999998 32
0.0699999999999999 0.5999999999999998 33
0.06499999999999989 0.5999999999999998 26
0.059999999999999894 0.5999999999999998 26
0.054999999999999896 0.5999999999999998 25
0.0499999999999999 0.5999999999999998 23
0.0449999999999999 0.5999999999999998 26
0.039999999999999904 0.5999999999999998 28
0.034999999999999906 0.5999999999999998 25
0.029999999999999905 0.5999999999999998 26
0.024999999999999904 0.5999999999999998 26
0.019999999999999903 0.5999999999999998 34
0.014999999999999902 0.5999999999999998 42
0.009999999999999901 0.5999999999999998 83
0.004999999999999901 0.5999999999999998 246

0.2 0.5499999999999997 2000
0.195 0.5499999999999997 2000
0.19 0.5499999999999997 2000
0.185 0.5499999999999997 2000
0.18 0.5499999999999997 2000
0.175 0.5499999999999997 2000
0.16999999999999998 0.5499999999999997 2000
0.16499999999999998 0.5499999999999997 2000
0.15999999999999998 0.5499999999999997 2000
0.15499999999999997 0.5499999999999997 2000
0.14999999999999997 0.5499999999999997 2000
0.14499999999999996 0.5499999999999997 1863
0.13999999999999996 0.5499999999999997 1147
0.13499999999999995 0.5499999999999997 422
0.12999999999999995 0.5499999999999997 208
0.12499999999999994 0.5499999999999997 108
0.11999999999999994 0.5499999999999997 90
0.11499999999999994 0.5499999999999997 66
0.10999999999999993 0.5499999999999997 61
0.10499999999999993 0.5499999999999997 52
0.09999999999999992 0.5499999999999997 51
0.09499999999999992 0.5499999999999997 41
0.08999999999999991 0.5499999999999997 39
0.08499999999999991 0.5499999999999997 30
0.0799999999999999 0.5499999999999997 33
0.0749999999999999 0.5499999999999997 36
0.0699999999999999 0.5499999999999997 37
0.06499999999999989 0.5499999999999997 31
0.059999999999999894 0.5499999999999997 32
0.054999999999999896 0.5499999999999997 27
0.0499999999999999 0.5499999999999997 28
0.0449999999999999 0.5499999999999997 25
0.039999999999999904 0.5499999999999997 30
0.034999999999999906 0.5499999999999997 28
0.029999999999999905 0.5499999999999997 35
0.024999999999999904 0.5499999999999997 32
0.019999999999999903 0.5499999999999997 45
0.014999999999999902 0.5499999999999997 48
0.009999999999999901 0.5499999999999997 65
0.004999999999999901 0.5499999999999997 186

0.2 0.4999999999999997 2000
0.195 0.4999999999999997 2000
0.19 0.4999999999999997 2000
0.185 0.4999999999999997 2000
0.18 0.4999999999999997 2000
0.175 0.4999999999999997 2000
0.16999999999999998 0.4999999999999997 2000
0.16499999999999998 0.4999999999999997 2000
0.15999999999999998 0.4999999999999997 2000
0.15499999999999997 0.4999999999999997 2000
0.14999999999999997 0.4999999999999997 2000
0.14499999999999996 0.4999999999999997 1905
0.13999999999999996 0.4999999999999997 1813
0.13499999999999995 0.4999999999999997 945
0.12999999999999995 0.4999999999999997 367
0.12499999999999994 0.4999999999999997 192
0.11999999999999994 0.4999999999999997 103
0.11499999999999994 0.4999999999999997 89
0.10999999999999993 0.4999999999999997 81
0.10499999999999993 0.4999999999999997 61
0.09999999999999992 0.4999999999999997 54
0.09499999999999992 0.4999999999999997 50
0.08999999999999991 0.4999999999999997 42
0.08499999999999991 0.4999999999999997 38
0.0799999999999999 0.4999999999999997 36
0.0749999999999999 0.4999999999999997 42
0.0699999999999999 0.4999999999999997 32
0.06499999999999989 0.4999999999999997 34
0.059999999999999894 0.4999999999999997 33
0.054999999999999896 0.4999999999999997 31
0.0499999999999999 0.4999999999999997 30
0.0449999999999999 0.4999999999999997 31
0.039999999999999904 0.4999999999999997 28
0.034999999999999906 0.4999999999999997 29
0.029999999999999905 0.4999999999999997 33
0.024999999999999904 0.4999999999999997 35
0.019999999999999903 0.4999999999999997 44
0.014999999999999902 0.4999999999999997 52
0.009999999999999901 0.4999999999999997 83
0.004999999999999901 0.4999999999999997 328

0.2 0.44999999999999973 2000
0.195 0.44999999999999973 2000
0.19 0.44999999999999973 2000
0.185 0.44999999999999973 2000
0.18 0.44999999999999973 2000
0.175 0.44999999999999973 2000
0.16999999999999998 0.44999999999999973 2000
0.16499999999999998 0.44999999999999973 2000
0.15999999999999998 0.44999999999999973 2000
0.15499999999999997 0.44999999999999973 2000
0.14999999999999997 0.44999999999999973 2000
0.14499999999999996 0.44999999999999973 2000
0.13999999999999996 0.44999999999999973 2000
0.13499999999999995 0.44999999999999973 1418
0.12999999999999995 0.44999999999999973 578
0.12499999999999994 0.44999999999999973 251
0.11999999999999994 0.44999999999999973 168
0.11499999999999994 0.44999999999999973 115
0.10999999999999993 0.44999999999999973 77
0.10499999999999993 0.44999999999999973 75
0.09999999999999992 0.44999999999999973 63
0.09499999999999992 0.44999999999999973 62
0.08999999999999991 0.44999999999999973 44
0.08499999999999991 0.44999999999999973 47
0.0799999999999999 0.44999999999999973 38
0.0749999999999999 0.44999999999999973 37
0.0699999999999999 0.44999999999999973 45
0.06499999999999989 0.44999999999999973 36
0.059999999999999894 0.44999999999999973 33
0.054999999999999896 0.44999999999999973 33
0.0499999999999999 0.44999999999999973 31
0.0449999999999999 0.44999999999999973 31
0.039999999999999904 0.44999999999999973 31
0.034999999999999906 0.44999999999999973 29
0.029999999999999905 0.44999999999999973 30
0.024999999999999904 0.44999999999999973 40
0.019999999999999903 0.44999999999999973 45
0.014999999999999902 0.44999999999999973 51
0.009999999999999901 0.44999999999999973 101
0.004999999999999901 0.44999999999999973 272

0.2 0.39999999999999974 2000
0.195 0.39999999999999974 2000
0.19 0.39999999999999974 2000
0.185 0.39999999999999974 2000
0.18 0.39999999999999974 2000
0.175 0.39999999999999974 2000
0.16999999999999998 0.39999999999999974 2000
0.16499999999999998 0.39999999999999974 2000
0.15999999999999998 0.39999999999999974 2000
0.15499999999999997 0.39999999999999974 2000
0.14999999999999997 0.39999999999999974 2000
0.14499999999999996 0.39999999999999974 2000
0.13999999999999996 0.39999999999999974 2000
0.13499999999999995 0.39999999999999974 2000
0.12999999999999995 0.39999999999999974 1644
0.12499999999999994 0.39999999999999974 677
0.11999999999999994 0.39999999999999974 253
0.11499999999999994 0.39999999999999974 133
0.10999999999999993 0.39999999999999974 109
0.10499999999999993 0.39999999999999974 77
0.09999999999999992 0.39999999999999974 69
0.09499999999999992 0.39999999999999974 61
0.08999999999999991 0.39999999999999974 57
0.08499999999999991 0.39999999999999974 57
0.0799999999999999 0.39999999999999974 53
0.0749999999999999 0.39999999999999974 47
0.0699999999999999 0.39999999999999974 38
0.06499999999999989 0.39999999999999974 39
0.059999999999999894 0.39999999999999974 44
0.054999999999999896 0.39999999999999974 33
0.0499999999999999 0.39999999999999974 31
0.0449999999999999 0.39999999999999974 43
0.039999999999999904 0.39999999999999974 39
0.034999999999999906 0.39999999999999974 34
0.029999999999999905 0.39999999999999974 39
0.024999999999999904 0.39999999999999974 36
0.019999999999999903 0.39999999999999974 50
0.014999999999999902 0.39999999999999974 66
0.009999999999999901 0.39999999999999974 88
0.004999999999999901 0.39999999999999974 329

0.2 0.34999999999999976 2000
0.195 0.34999999999999976 2000
0.19 0.34999999999999976 2000
0.185 0.34999999999999976 2000
0.18 0.34999999999999976 2000
0.175 0.34999999999999976 2000
0.16999999999999998 0.34999999999999976 2000
0.16499999999999998 0.34999999999999976 2000
0.15999999999999998 0.34999999999999976 2000
0.15499999999999997 0.34999999999999976 2000
0.14999999999999997 0.34999999999999976 2000
0.14499999999999996 0.34999999999999976 2000
0.13999999999999996 0.34999999999999976 2000
0.13499999999999995 0.34999999999999976 2000
0.12999999999999995 0.34999999999999976 2000
0.12499999999999994 0.34999999999999976 1188
0.11999999999999994 0.34999999999999976 472
0.11499999999999994 0.34999999999999976 251
0.10999999999999993 0.34999999999999976 150
0.10499999999999993 0.34999999999999976 99
0.09999999999999992 0.34999999999999976 95
0.09499999999999992 0.34999999999999976 75
0.08999999999999991 0.34999999999999976 66
0.08499999999999991 0.34999999999999976 62
0.0799999999999999 0.34999999999999976 50
0.0749999999999999 0.34999999999999976 78
0.0699999999999999 0.34999999999999976 47
0.06499999999999989 0.34999999999999976 53
0.059999999999999894 0.34999999999999976 41
0.054999999999999896 0.34999999999999976 42
0.0499999999999999 0.34999999999999976 41
0.0449999999999999 0.34999999999999976 41
0.039999999999999904 0.34999999999999976 41
0.034999999999999906 0.34999999999999976 40
0.029999999999999905 0.34999999999999976 42
0.024999999999999904 0.34999999999999976 50
0.019999999999999903 0.34999999999999976 52
0.014999999999999902 0.34999999999999976 66
0.009999999999999901 0.34999999999999976 211
0.004999999999999901 0.34999999999999976 373

0.2 0.29999999999999977 2000
0.195 0.29999999999999977 2000
0.19 0.29999999999999977 2000
0.185 0.29999999999999977 2000
0.18 0.29999999999999977 2000
0.175 0.29999999999999977 2000
0.16999999999999998 0.29999999999999977 2000
0.16499999999999998 0.29999999999999977 2000
0.15999999999999998 0.29999999999999977 2000
0.15499999999999997 0.29999999999999977 2000
0.14999999999999997 0.29999999999999977 2000
0.14499999999999996 0.29999999999999977 2000
0.13999999999999996 0.29999999999999977 2000
0.13499999999999995 0.29999999999999977 2000
0.12999999999999995 0.29999999999999977 2000
0.12499999999999994 0.29999999999999977 1872
0.11999999999999994 0.29999999999999977 1498
0.11499999999999994 0.29999999999999977 740
0.10999999999999993 0.29999999999999977 307
0.10499999999999993 0.29999999999999977 167
0.09999999999999992 0.29999999999999977 125
0.09499999999999992 0.29999999999999977 91
0.08999999999999991 0.29999999999999977 80
0.08499999999999991 0.29999999999999977 68
0.0799999999999999 0.29999999999999977 60
0.0749999999999999 0.29999999999999977 60
0.0699999999999999 0.29999999999999977 67
0.06499999999999989 0.29999999999999977 52
0.059999999999999894 0.29999999999999977 47
0.054999999999999896 0.29999999999999977 57
0.0499999999999999 0.29999999999999977 44
0.0449999999999999 0.29999999999999977 48
0.039999999999999904 0.29999999999999977 44
0.034999999999999906 0.29999999999999977 48
0.029999999999999905 0.29999999999999977 44
0.024999999999999904 0.29999999999999977 60
0.019999999999999903 0.29999999999999977 58
0.014999999999999902 0.29999999999999977 85
0.009999999999999901 0.29999999999999977 172
0.004999999999999901 0.29999999999999977 401

0.2 0.24999999999999978 2000
0.195 0.24999999999999978 2000
0.19 0.24999999999999978 2000
0.185 0.24999999999999978 2000
0.18 0.24999999999999978 2000
0.175 0.24999999999999978 2000
0.16999999999999998 0.24999999999999978 2000
0.16499999999999998 0.24999999999999978 2000
0.15999999999999998 0.24999999999999978 2000
0.15499999999999997 0.24999999999999978 2000
0.14999999999999997 0.24999999999999978 2000
0.14499999999999996 0.24999999999999978 2000
0.13999999999999996 0.24999999999999978 2000
0.13499999999999995 0.24999999999999978 2000
0.12999999999999995 0.24999999999999978 2000
0.12499999999999994 0.24999999999999978 1931
0.11999999999999994 0.24999999999999978 2000
0.11499999999999994 0.24999999999999978 1596
0.10999999999999993 0.24999999999999978 892
0.10499999999999993 0.24999999999999978 302
0.09999999999999992 0.24999999999999978 199
0.09499999999999992 0.24999999999999978 130
0.08999999999999991 0.24999999999999978 113
0.08499999999999991 0.24999999999999978 86
0.0799999999999999 0.24999999999999978 75
0.0749999999999999 0.24999999999999978 68
0.0699999999999999 0.24999999999999978 63
0.06499999999999989 0.24999999999999978 63
0.059999999999999894 0.24999999999999978 62
0.054999999999999896 0.24999999999999978 60
0.0499999999999999 0.24999999999999978 64
0.0449999999999999 0.24999999999999978 59
0.039999999999999904 0.24999999999999978 47
0.034999999999999906 0.24999999999999978 206
0.029999999999999905 0.24999999999999978 74
0.024999999999999904 0.24999999999999978 59
0.019999999999999903 0.24999999999999978 67
0.014999999999999902 0.24999999999999978 87
0.009999999999999901 0.24999999999999978 131
0.004999999999999901 0.24999999999999978 445

0.2 0.1999999999999998 2000
0.195 0.1999999999999998 2000
0.19 0.1999999999999998 2000
0.185 0.1999999999999998 2000
0.18 0.1999999999999998 2000
0.175 0.1999999999999998 2000
0.16999999999999998 0.1999999999999998 2000
0.16499999999999998 0.1999999999999998 2000
0.15999999999999998 0.1999999999999998 2000
0.15499999999999997 0.1999999999999998 2000
0.14999999999999997 0.1999999999999998 2000
0.14499999999999996 0.1999999999999998 2000
0.13999999999999996 0.1999999999999998 2000
0.13499999999999995 0.1999999999999998 2000
0.12999999999999995 0.1999999999999998 2000
0.12499999999999994 0.1999999999999998 2000
0.11999999999999994 0.1999999999999998 2000
0.11499999999999994 0.1999999999999998 2000
0.10999999999999993 0.1999999999999998 1747
0.10499999999999993 0.1999999999999998 1226
0.09999999999999992 0.1999999999999998 697
0.09499999999999992 0.1999999999999998 274
0.08999999999999991 0.1999999999999998 138
0.08499999999999991 0.1999999999999998 106
0.0799999999999999 0.1999999999999998 86
0.0749999999999999 0.1999999999999998 85
0.0699999999999999 0.1999999999999998 96
0.06499999999999989 0.1999999999999998 87
0.059999999999999894 0.1999999999999998 68
0.054999999999999896 0.1999999999999998 60
0.0499999999999999 0.1999999999999998 59
0.0449999999999999 0.1999999999999998 56
0.039999999999999904 0.1999999999999998 66
0.034999999999999906 0.1999999999999998 68
0.029999999999999905 0.1999999999999998 69
0.024999999999999904 0.1999999999999998 75
0.019999999999999903 0.1999999999999998 93
0.014999999999999902 0.1999999999999998 134
0.009999999999999901 0.1999999999999998 201
0.004999999999999901 0.1999999999999998 466

0.2 0.1499999999999998 2000
0.195 0.1499999999999998 2000
0.19 0.1499999999999998 2000
0.185 0.1499999999999998 2000
0.18 0.1499999999999998 2000
0.175 0.1499999999999998 2000
0.16999999999999998 0.1499999999999998 2000
0.16499999999999998 0.1499999999999998 2000
0.15999999999999998 0.1499999999999998 2000
0.15499999999999997 0.1499999999999998 2000
0.14999999999999997 0.1499999999999998 2000
0.14499999999999996 0.1499999999999998 2000
0.13999999999999996 0.1499999999999998 2000
0.13499999999999995 0.1499999999999998 2000
0.12999999999999995 0.1499999999999998 2000
0.12499999999999994 0.1499999999999998 2000
0.11999999999999994 0.1499999999999998 2000
0.11499999999999994 0.1499999999999998 2000
0.10999999999999993 0.1499999999999998 2000
0.10499999999999993 0.1499999999999998 2000
0.09999999999999992 0.1499999999999998 1570
0.09499999999999992 0.1499999999999998 1374
0.08999999999999991 0.1499999999999998 344
0.08499999999999991 0.1499999999999998 175
0.0799999999999999 0.1499999999999998 160
0.0749999999999999 0.1499999999999998 177
0.0699999999999999 0.1499999999999998 111
0.06499999999999989 0.1499999999999998 89
0.059999999999999894 0.1499999999999998 111
0.054999999999999896 0.1499999999999998 106
0.0499999999999999 0.1499999999999998 82
0.0449999999999999 0.1499999999999998 81
0.039999999999999904 0.1499999999999998 68
0.034999999999999906 0.1499999999999998 79
0.029999999999999905 0.1499999999999998 74
0.024999999999999904 0.1499999999999998 86
0.019999999999999903 0.1499999999999998 83
0.014999999999999902 0.1499999999999998 158
0.009999999999999901 0.1499999999999998 261
0.004999999999999901 0.1499999999999998 470

0.2 0.0999999999999998 2000
0.195 0.0999999999999998 2000
0.19 0.0999999999999998 2000
0.185 0.0999999999999998 2000
0.18 0.0999999999999998 2000
0.175 0.0999999999999998 2000
0.16999999999999998 0.0999999999999998 2000
0.16499999999999998 0.0999999999999998 2000
0.15999999999999998 0.0999999999999998 2000
0.15499999999999997 0.0999999999999998 2000
0.14999999999999997 0.0999999999999998 2000
0.14499999999999996 0.0999999999999998 2000
0.13999999999999996 0.0999999999999998 2000
0.13499999999999995 0.0999999999999998 2000
0.12999999999999995 0.0999999999999998 2000
0.12499999999999994 0.0999999999999998 2000
0.11999999999999994 0.0999999999999998 2000
0.11499999999999994 0.0999999999999998 2000
0.10999999999999993 0.0999999999999998 2000
0.10499999999999993 0.0999999999999998 2000
0.09999999999999992 0.0999999999999998 2000
0.09499999999999992 0.0999999999999998 2000
0.08999999999999991 0.0999999999999998 1747
0.08499999999999991 0.0999999999999998 796
0.0799999999999999 0.0999999999999998 330
0.0749999999999999 0.0999999999999998 194
0.0699999999999999 0.0999999999999998 189
0.06499999999999989 0.0999999999999998 165
0.059999999999999894 0.0999999999999998 215
0.054999999999999896 0.0999999999999998 139
0.0499999999999999 0.0999999999999998 175
0.0449999999999999 0.0999999999999998 140
0.039999999999999904 0.0999999999999998 107
0.034999999999999906 0.0999999999999998 103
0.029999999999999905 0.0999999999999998 120
0.024999999999999904 0.0999999999999998 260
0.019999999999999903 0.0999999999999998 134
0.014999999999999902 0.0999999999999998 269
0.009999999999999901 0.0999999999999998 447
0.004999999999999901 0.0999999999999998 900

0.2 0.049999999999999795 2000
0.195 0.049999999999999795 2000
0.19 0.049999999999999795 2000
0.185 0.049999999999999795 2000
0.18 0.049999999999999795 2000
0.175 0.049999999999999795 2000
0.16999999999999998 0.049999999999999795 2000
0.16499999999999998 0.049999999999999795 2000
0.15999999999999998 0.049999999999999795 2000
0.15499999999999997 0.049999999999999795 2000
0.14999999999999997 0.049999999999999795 2000
0.14499999999999996 0.049999999999999795 2000
0.13999999999999996 0.049999999999999795 2000
0.13499999999999995 0.049999999999999795 2000
0.12999999999999995 0.049999999999999795 2000
0.12499999999999994 0.049999999999999795 2000
0.11999999999999994 0.049999999999999795 2000
0.11499999999999994 0.049999999999999795 2000
0.10999999999999993 0.049999999999999795 2000
0.10499999999999993 0.049999999999999795 2000
0.09999999999999992 0.049999999999999795 2000
0.09499999999999992 0.049999999999999795 2000
0.08999999999999991 0.049999999999999795 2000
0.08499999999999991 0.049999999999999795 2000
0.0799999999999999 0.049999999999999795 1936
0.0749999999999999 0.049999999999999795 872
0.0699999999999999 0.049999999999999795 504
0.06499999999999989 0.049999999999999795 319
0.059999999999999894 0.049999999999999795 389
0.054999999999999896 0.049999999999999795 264
0.0499999999999999 0.049999999999999795 175
0.0449999999999999 0.049999999999999795 224
0.039999999999999904 0.049999999999999795 245
0.034999999999999906 0.049999999999999795 247
0.029999999999999905 0.049999999999999795 317
0.024999999999999904 0.049999999999999795 205
0.019999999999999903 0.049999999999999795 361
0.014999999999999902 0.049999999999999795 344
0.009999999999999901 0.049999999999999795 776
0.004999999999999901 0.049999999999999795 740
