0.0 0.5 3000
0.002 0.5 169
0.004 0.5 156
0.006 0.5 189
0.008 0.5 2521
0.01 0.5 3000
0.012 0.5 3000
0.014 0.5 3000
0.016 0.5 3000
0.018 0.5 3000
0.02 0.5 3000
0.022 0.5 3000
0.024 0.5 3000
0.026 0.5 3000
0.028 0.5 3000

0.0 0.52 3000
0.002 0.52 170
0.004 0.52 152
0.006 0.52 176
0.008 0.52 2834
0.01 0.52 3000
0.012 0.52 3000
0.014 0.52 3000
0.016 0.52 3000
0.018 0.52 3000
0.02 0.52 3000
0.022 0.52 3000
0.024 0.52 3000
0.026 0.52 3000
0.028 0.52 3000

0.0 0.54 3000
0.002 0.54 165
0.004 0.54 152
0.006 0.54 187
0.008 0.54 2450
0.01 0.54 3000
0.012 0.54 3000
0.014 0.54 3000
0.016 0.54 3000
0.018 0.54 3000
0.02 0.54 3000
0.022 0.54 3000
0.024 0.54 3000
0.026 0.54 3000
0.028 0.54 3000

0.0 0.56 3000
0.002 0.56 167
0.004 0.56 147
0.006 0.56 171
0.008 0.56 2075
0.01 0.56 3000
0.012 0.56 3000
0.014 0.56 3000
0.016 0.56 3000
0.018 0.56 3000
0.02 0.56 3000
0.022 0.56 3000
0.024 0.56 3000
0.026 0.56 3000
0.028 0.56 3000

0.0 0.58 3000
0.002 0.58 163
0.004 0.58 147
0.006 0.58 165
0.008 0.58 1808
0.01 0.58 3000
0.012 0.58 3000
0.014 0.58 3000
0.016 0.58 3000
0.018 0.58 3000
0.02 0.58 3000
0.022 0.58 3000
0.024 0.58 3000
0.026 0.58 3000
0.028 0.58 3000

0.0 0.6 3000
0.002 0.6 160
0.004 0.6 147
0.006 0.6 163
0.008 0.6 2197
0.01 0.6 3000
0.012 0.6 3000
0.014 0.6 3000
0.016 0.6 3000
0.018 0.6 3000
0.02 0.6 3000
0.022 0.6 3000
0.024 0.6 3000
0.026 0.6 3000
0.028 0.6 3000

0.0 0.62 3000
0.002 0.62 158
0.004 0.62 145
0.006 0.62 163
0.008 0.62 1068
0.01 0.62 3000
0.012 0.62 3000
0.014 0.62 3000
0.016 0.62 3000
0.018 0.62 3000
0.02 0.62 3000
0.022 0.62 3000
0.024 0.62 3000
0.026 0.62 3000
0.028 0.62 3000

0.0 0.64 3000
0.002 0.64 157
0.004 0.64 140
0.006 0.64 162
0.008 0.64 2113
0.01 0.64 3000
0.012 0.64 3000
0.014 0.64 3000
0.016 0.64 3000
0.018 0.64 3000
0.02 0.64 3000
0.022 0.64 3000
0.024 0.64 3000
0.026 0.64 3000
0.028 0.64 3000

0.0 0.66 3000
0.002 0.66 159
0.004 0.66 143
0.006 0.66 161
0.008 0.66 1516
0.01 0.66 3000
0.012 0.66 3000
0.014 0.66 3000
0.016 0.66 3000
0.018 0.66 3000
0.02 0.66 3000
0.022 0.66 3000
0.024 0.66 3000
0.026 0.66 3000
0.028 0.66 3000

0.0 0.68 3000
0.002 0.68 154
0.004 0.68 140
0.006 0.68 155
0.008 0.68 1133
0.01 0.68 3000
0.012 0.68 3000
0.014 0.68 3000
0.016 0.68 3000
0.018 0.68 3000
0.02 0.68 3000
0.022 0.68 3000
0.024 0.68 3000
0.026 0.68 3000
0.028 0.68 3000

0.0 0.7 3000
0.002 0.7 156
0.004 0.7 136
0.006 0.7 156
0.008 0.7 1456
0.01 0.7 3000
0.012 0.7 3000
0.014 0.7 3000
0.016 0.7 3000
0.018 0.7 3000
0.02 0.7 3000
0.022 0.7 3000
0.024 0.7 3000
0.026 0.7 3000
0.028 0.7 3000

0.0 0.72 3000
0.002 0.72 152
0.004 0.72 138
0.006 0.72 152
0.008 0.72 1279
0.01 0.72 3000
0.012 0.72 3000
0.014 0.72 3000
0.016 0.72 3000
0.018 0.72 3000
0.02 0.72 3000
0.022 0.72 3000
0.024 0.72 3000
0.026 0.72 3000
0.028 0.72 3000

0.0 0.74 3000
0.002 0.74 153
0.004 0.74 134
0.006 0.74 146
0.008 0.74 868
0.01 0.74 3000
0.012 0.74 3000
0.014 0.74 3000
0.016 0.74 3000
0.018 0.74 3000
0.02 0.74 3000
0.022 0.74 3000
0.024 0.74 3000
0.026 0.74 3000
0.028 0.74 3000

0.0 0.76 3000
0.002 0.76 150
0.004 0.76 131
0.006 0.76 150
0.008 0.76 781
0.01 0.76 3000
0.012 0.76 3000
0.014 0.76 3000
0.016 0.76 3000
0.018 0.76 3000
0.02 0.76 3000
0.022 0.76 3000
0.024 0.76 3000
0.026 0.76 3000
0.028 0.76 3000

0.0 0.78 3000
0.002 0.78 148
0.004 0.78 131
0.006 0.78 150
0.008 0.78 472
0.01 0.78 3000
0.012 0.78 3000
0.014 0.78 3000
0.016 0.78 3000
0.018 0.78 3000
0.02 0.78 3000
0.022 0.78 3000
0.024 0.78 3000
0.026 0.78 3000
0.028 0.78 3000

0.0 0.8 3000
0.002 0.8 148
0.004 0.8 130
0.006 0.8 141
0.008 0.8 928
0.01 0.8 3000
0.012 0.8 3000
0.014 0.8 3000
0.016 0.8 3000
0.018 0.8 3000
0.02 0.8 3000
0.022 0.8 3000
0.024 0.8 3000
0.026 0.8 3000
0.028 0.8 3000

0.0 0.82 3000
0.002 0.82 144
0.004 0.82 134
0.006 0.82 145
0.008 0.82 1092
0.01 0.82 3000
0.012 0.82 3000
0.014 0.82 3000
0.016 0.82 3000
0.018 0.82 3000
0.02 0.82 3000
0.022 0.82 3000
0.024 0.82 3000
0.026 0.82 3000
0.028 0.82 3000

0.0 0.84 3000
0.002 0.84 147
0.004 0.84 128
0.006 0.84 134
0.008 0.84 550
0.01 0.84 3000
0.012 0.84 3000
0.014 0.84 3000
0.016 0.84 3000
0.018 0.84 3000
0.02 0.84 3000
0.022 0.84 3000
0.024 0.84 3000
0.026 0.84 3000
0.028 0.84 3000

0.0 0.86 3000
0.002 0.86 144
0.004 0.86 129
0.006 0.86 136
0.008 0.86 566
0.01 0.86 3000
0.012 0.86 3000
0.014 0.86 3000
0.016 0.86 3000
0.018 0.86 3000
0.02 0.86 3000
0.022 0.86 3000
0.024 0.86 3000
0.026 0.86 3000
0.028 0.86 3000

0.0 0.88 3000
0.002 0.88 143
0.004 0.88 129
0.006 0.88 139
0.008 0.88 652
0.01 0.88 3000
0.012 0.88 3000
0.014 0.88 3000
0.016 0.88 3000
0.018 0.88 3000
0.02 0.88 3000
0.022 0.88 3000
0.024 0.88 3000
0.026 0.88 3000
0.028 0.88 3000
