0.0 0.5 3000
0.002 0.5 171
0.004 0.5 154
0.006 0.5 176
0.008 0.5 2509
0.01 0.5 3000
0.012 0.5 3000
0.014 0.5 3000
0.016 0.5 3000
0.018 0.5 3000
0.02 0.5 3000
0.022 0.5 3000
0.024 0.5 3000
0.026 0.5 3000
0.028 0.5 3000

0.0 0.52 3000
0.002 0.52 173
0.004 0.52 150
0.006 0.52 172
0.008 0.52 2990
0.01 0.52 3000
0.012 0.52 3000
0.014 0.52 3000
0.016 0.52 3000
0.018 0.52 3000
0.02 0.52 3000
0.022 0.52 3000
0.024 0.52 3000
0.026 0.52 3000
0.028 0.52 3000

0.0 0.54 3000
0.002 0.54 171
0.004 0.54 155
0.006 0.54 167
0.008 0.54 2676
0.01 0.54 3000
0.012 0.54 3000
0.014 0.54 3000
0.016 0.54 3000
0.018 0.54 3000
0.02 0.54 3000
0.022 0.54 3000
0.024 0.54 3000
0.026 0.54 3000
0.028 0.54 3000

0.0 0.56 3000
0.002 0.56 166
0.004 0.56 151
0.006 0.56 175
0.008 0.56 1422
0.01 0.56 3000
0.012 0.56 3000
0.014 0.56 3000
0.016 0.56 3000
0.018 0.56 3000
0.02 0.56 3000
0.022 0.56 3000
0.024 0.56 3000
0.026 0.56 3000
0.028 0.56 3000

0.0 0.58 3000
0.002 0.58 164
0.004 0.58 146
0.006 0.58 168
0.008 0.58 1422
0.01 0.58 2936
0.012 0.58 3000
0.014 0.58 3000
0.016 0.58 3000
0.018 0.58 3000
0.02 0.58 3000
0.022 0.58 3000
0.024 0.58 3000
0.026 0.58 3000
0.028 0.58 3000

0.0 0.6 3000
0.002 0.6 159
0.004 0.6 147
0.006 0.6 162
0.008 0.6 1405
0.01 0.6 2804
0.012 0.6 3000
0.014 0.6 3000
0.016 0.6 3000
0.018 0.6 3000
0.02 0.6 3000
0.022 0.6 3000
0.024 0.6 3000
0.026 0.6 3000
0.028 0.6 3000

0.0 0.62 3000
0.002 0.62 159
0.004 0.62 143
0.006 0.62 161
0.008 0.62 2051
0.01 0.62 3000
0.012 0.62 3000
0.014 0.62 3000
0.016 0.62 3000
0.018 0.62 3000
0.02 0.62 3000
0.022 0.62 3000
0.024 0.62 3000
0.026 0.62 3000
0.028 0.62 3000

0.0 0.64 3000
0.002 0.64 158
0.004 0.64 140
0.006 0.64 166
0.008 0.64 1307
0.01 0.64 3000
0.012 0.64 3000
0.014 0.64 3000
0.016 0.64 3000
0.018 0.64 3000
0.02 0.64 3000
0.022 0.64 3000
0.024 0.64 3000
0.026 0.64 3000
0.028 0.64 3000

0.0 0.66 3000
0.002 0.66 159
0.004 0.66 138
0.006 0.66 153
0.008 0.66 1962
0.01 0.66 3000
0.012 0.66 3000
0.014 0.66 3000
0.016 0.66 3000
0.018 0.66 3000
0.02 0.66 3000
0.022 0.66 3000
0.024 0.66 3000
0.026 0.66 3000
0.028 0.66 3000

0.0 0.68 3000
0.002 0.68 156
0.004 0.68 138
0.006 0.68 157
0.008 0.68 1627
0.01 0.68 2896
0.012 0.68 3000
0.014 0.68 3000
0.016 0.68 3000
0.018 0.68 3000
0.02 0.68 3000
0.022 0.68 3000
0.024 0.68 3000
0.026 0.68 3000
0.028 0.68 3000

0.0 0.7 3000
0.002 0.7 154
0.004 0.7 142
0.006 0.7 141
0.008 0.7 1290
0.01 0.7 3000
0.012 0.7 3000
0.014 0.7 3000
0.016 0.7 3000
0.018 0.7 3000
0.02 0.7 3000
0.022 0.7 3000
0.024 0.7 3000
0.026 0.7 3000
0.028 0.7 3000

0.0 0.72 3000
0.002 0.72 153
0.004 0.72 135
0.006 0.72 148
0.008 0.72 1064
0.01 0.72 3000
0.012 0.72 3000
0.014 0.72 3000
0.016 0.72 3000
0.018 0.72 3000
0.02 0.72 3000
0.022 0.72 3000
0.024 0.72 3000
0.026 0.72 3000
0.028 0.72 3000

0.0 0.74 3000
0.002 0.74 150
0.004 0.74 135
0.006 0.74 149
0.008 0.74 963
0.01 0.74 3000
0.012 0.74 3000
0.014 0.74 3000
0.016 0.74 3000
0.018 0.74 3000
0.02 0.74 3000
0.022 0.74 3000
0.024 0.74 3000
0.026 0.74 3000
0.028 0.74 3000

0.0 0.76 3000
0.002 0.76 147
0.004 0.76 135
0.006 0.76 150
0.008 0.76 1224
0.01 0.76 3000
0.012 0.76 3000
0.014 0.76 3000
0.016 0.76 3000
0.018 0.76 3000
0.02 0.76 3000
0.022 0.76 3000
0.024 0.76 3000
0.026 0.76 3000
0.028 0.76 3000

0.0 0.78 3000
0.002 0.78 149
0.004 0.78 134
0.006 0.78 148
0.008 0.78 767
0.01 0.78 3000
0.012 0.78 3000
0.014 0.78 3000
0.016 0.78 3000
0.018 0.78 3000
0.02 0.78 3000
0.022 0.78 3000
0.024 0.78 3000
0.026 0.78 3000
0.028 0.78 3000

0.0 0.8 3000
0.002 0.8 147
0.004 0.8 133
0.006 0.8 149
0.008 0.8 939
0.01 0.8 3000
0.012 0.8 3000
0.014 0.8 3000
0.016 0.8 3000
0.018 0.8 3000
0.02 0.8 3000
0.022 0.8 3000
0.024 0.8 3000
0.026 0.8 3000
0.028 0.8 3000

0.0 0.82 3000
0.002 0.82 147
0.004 0.82 131
0.006 0.82 141
0.008 0.82 597
0.01 0.82 3000
0.012 0.82 3000
0.014 0.82 3000
0.016 0.82 3000
0.018 0.82 3000
0.02 0.82 3000
0.022 0.82 3000
0.024 0.82 3000
0.026 0.82 3000
0.028 0.82 3000

0.0 0.84 3000
0.002 0.84 145
0.004 0.84 132
0.006 0.84 144
0.008 0.84 810
0.01 0.84 3000
0.012 0.84 3000
0.014 0.84 3000
0.016 0.84 3000
0.018 0.84 3000
0.02 0.84 3000
0.022 0.84 3000
0.024 0.84 3000
0.026 0.84 3000
0.028 0.84 3000

0.0 0.86 3000
0.002 0.86 142
0.004 0.86 131
0.006 0.86 145
0.008 0.86 549
0.01 0.86 3000
0.012 0.86 3000
0.014 0.86 3000
0.016 0.86 3000
0.018 0.86 3000
0.02 0.86 3000
0.022 0.86 3000
0.024 0.86 3000
0.026 0.86 3000
0.028 0.86 3000

0.0 0.88 3000
0.002 0.88 142
0.004 0.88 129
0.006 0.88 139
0.008 0.88 577
0.01 0.88 3000
0.012 0.88 3000
0.014 0.88 3000
0.016 0.88 3000
0.018 0.88 3000
0.02 0.88 3000
0.022 0.88 3000
0.024 0.88 3000
0.026 0.88 3000
0.028 0.88 3000
