0.0 0.5 3000
0.002 0.5 130
0.004 0.5 115
0.006 0.5 119
0.008 0.5 186
0.01 0.5 2647
0.012 0.5 3000
0.014 0.5 3000
0.016 0.5 3000
0.018 0.5 3000
0.02 0.5 3000
0.022 0.5 3000
0.024 0.5 3000
0.026 0.5 3000
0.028 0.5 3000

0.0 0.52 3000
0.002 0.52 129
0.004 0.52 114
0.006 0.52 116
0.008 0.52 183
0.01 0.52 2618
0.012 0.52 3000
0.014 0.52 3000
0.016 0.52 3000
0.018 0.52 3000
0.02 0.52 3000
0.022 0.52 3000
0.024 0.52 3000
0.026 0.52 3000
0.028 0.52 3000

0.0 0.54 3000
0.002 0.54 127
0.004 0.54 113
0.006 0.54 118
0.008 0.54 174
0.01 0.54 2410
0.012 0.54 3000
0.014 0.54 3000
0.016 0.54 3000
0.018 0.54 3000
0.02 0.54 3000
0.022 0.54 3000
0.024 0.54 3000
0.026 0.54 3000
0.028 0.54 3000

0.0 0.56 3000
0.002 0.56 124
0.004 0.56 110
0.006 0.56 113
0.008 0.56 167
0.01 0.56 2439
0.012 0.56 3000
0.014 0.56 3000
0.016 0.56 3000
0.018 0.56 3000
0.02 0.56 3000
0.022 0.56 3000
0.024 0.56 3000
0.026 0.56 3000
0.028 0.56 3000

0.0 0.58 3000
0.002 0.58 124
0.004 0.58 109
0.006 0.58 112
0.008 0.58 162
0.01 0.58 2434
0.012 0.58 3000
0.014 0.58 3000
0.016 0.58 3000
0.018 0.58 3000
0.02 0.58 3000
0.022 0.58 3000
0.024 0.58 3000
0.026 0.58 3000
0.028 0.58 3000

0.0 0.6 3000
0.002 0.6 119
0.004 0.6 109
0.006 0.6 111
0.008 0.6 151
0.01 0.6 2237
0.012 0.6 3000
0.014 0.6 3000
0.016 0.6 3000
0.018 0.6 3000
0.02 0.6 3000
0.022 0.6 3000
0.024 0.6 3000
0.026 0.6 3000
0.028 0.6 3000

0.0 0.62 3000
0.002 0.62 118
0.004 0.62 107
0.006 0.62 110
0.008 0.62 166
0.01 0.62 2084
0.012 0.62 2818
0.014 0.62 3000
0.016 0.62 3000
0.018 0.62 3000
0.02 0.62 3000
0.022 0.62 3000
0.024 0.62 3000
0.026 0.62 3000
0.028 0.62 3000

0.0 0.64 3000
0.002 0.64 118
0.004 0.64 106
0.006 0.64 109
0.008 0.64 150
0.01 0.64 1900
0.012 0.64 3000
0.014 0.64 3000
0.016 0.64 3000
0.018 0.64 3000
0.02 0.64 3000
0.022 0.64 3000
0.024 0.64 3000
0.026 0.64 3000
0.028 0.64 3000

0.0 0.66 3000
0.002 0.66 117
0.004 0.66 106
0.006 0.66 106
0.008 0.66 135
0.01 0.66 1630
0.012 0.66 3000
0.014 0.66 3000
0.016 0.66 3000
0.018 0.66 3000
0.02 0.66 3000
0.022 0.66 3000
0.024 0.66 3000
0.026 0.66 3000
0.028 0.66 3000

0.0 0.68 3000
0.002 0.68 116
0.004 0.68 105
0.006 0.68 104
0.008 0.68 138
0.01 0.68 1789
0.012 0.68 2838
0.014 0.68 3000
0.016 0.68 3000
0.018 0.68 3000
0.02 0.68 3000
0.022 0.68 3000
0.024 0.68 3000
0.026 0.68 3000
0.028 0.68 3000

0.0 0.7 3000
0.002 0.7 114
0.004 0.7 102
0.006 0.7 105
0.008 0.7 137
0.01 0.7 1838
0.012 0.7 3000
0.014 0.7 3000
0.016 0.7 3000
0.018 0.7 3000
0.02 0.7 3000
0.022 0.7 3000
0.024 0.7 3000
0.026 0.7 3000
0.028 0.7 3000

0.0 0.72 3000
0.002 0.72 113
0.004 0.72 101
0.006 0.72 103
0.008 0.72 119
0.01 0.72 942
0.012 0.72 2873
0.014 0.72 3000
0.016 0.72 3000
0.018 0.72 3000
0.02 0.72 3000
0.022 0.72 3000
0.024 0.72 3000
0.026 0.72 3000
0.028 0.72 3000

0.0 0.74 3000
0.002 0.74 111
0.004 0.74 100
0.006 0.74 104
0.008 0.74 126
0.01 0.74 837
0.012 0.74 3000
0.014 0.74 3000
0.016 0.74 3000
0.018 0.74 3000
0.02 0.74 3000
0.022 0.74 3000
0.024 0.74 3000
0.026 0.74 3000
0.028 0.74 3000

0.0 0.76 3000
0.002 0.76 116
0.004 0.76 100
0.006 0.76 100
0.008 0.76 125
0.01 0.76 1126
0.012 0.76 3000
0.014 0.76 3000
0.016 0.76 3000
0.018 0.76 3000
0.02 0.76 3000
0.022 0.76 3000
0.024 0.76 3000
0.026 0.76 3000
0.028 0.76 3000

0.0 0.78 3000
0.002 0.78 110
0.004 0.78 99
0.006 0.78 101
0.008 0.78 122
0.01 0.78 961
0.012 0.78 3000
0.014 0.78 3000
0.016 0.78 3000
0.018 0.78 3000
0.02 0.78 3000
0.022 0.78 3000
0.024 0.78 3000
0.026 0.78 3000
0.028 0.78 3000

0.0 0.8 3000
0.002 0.8 109
0.004 0.8 96
0.006 0.8 100
0.008 0.8 131
0.01 0.8 1192
0.012 0.8 3000
0.014 0.8 3000
0.016 0.8 3000
0.018 0.8 3000
0.02 0.8 3000
0.022 0.8 3000
0.024 0.8 3000
0.026 0.8 3000
0.028 0.8 3000

0.0 0.82 3000
0.002 0.82 110
0.004 0.82 95
0.006 0.82 99
0.008 0.82 122
0.01 0.82 636
0.012 0.82 3000
0.014 0.82 3000
0.016 0.82 3000
0.018 0.82 3000
0.02 0.82 3000
0.022 0.82 3000
0.024 0.82 3000
0.026 0.82 3000
0.028 0.82 3000

0.0 0.84 3000
0.002 0.84 106
0.004 0.84 96
0.006 0.84 98
0.008 0.84 124
0.01 0.84 588
0.012 0.84 3000
0.014 0.84 3000
0.016 0.84 3000
0.018 0.84 3000
0.02 0.84 3000
0.022 0.84 3000
0.024 0.84 3000
0.026 0.84 3000
0.028 0.84 3000

0.0 0.86 3000
0.002 0.86 106
0.004 0.86 97
0.006 0.86 98
0.008 0.86 116
0.01 0.86 776
0.012 0.86 3000
0.014 0.86 3000
0.016 0.86 3000
0.018 0.86 3000
0.02 0.86 3000
0.022 0.86 3000
0.024 0.86 3000
0.026 0.86 3000
0.028 0.86 3000

0.0 0.88 3000
0.002 0.88 105
0.004 0.88 95
0.006 0.88 94
0.008 0.88 116
0.01 0.88 717
0.012 0.88 3000
0.014 0.88 3000
0.016 0.88 3000
0.018 0.88 3000
0.02 0.88 3000
0.022 0.88 3000
0.024 0.88 3000
0.026 0.88 3000
0.028 0.88 3000
