0.0 0.5 3000
0.002 0.5 127
0.004 0.5 117
0.006 0.5 119
0.008 0.5 143
0.01 0.5 363
0.012 0.5 1522
0.014 0.5 1898
0.016 0.5 2816
0.018 0.5 2738
0.02 0.5 3000
0.022 0.5 3000
0.024 0.5 3000
0.026 0.5 3000
0.028 0.5 3000

0.0 0.52 3000
0.002 0.52 129
0.004 0.52 116
0.006 0.52 118
0.008 0.52 149
0.01 0.52 475
0.012 0.52 1100
0.014 0.52 2661
0.016 0.52 2771
0.018 0.52 3000
0.02 0.52 3000
0.022 0.52 3000
0.024 0.52 3000
0.026 0.52 3000
0.028 0.52 3000

0.0 0.54 3000
0.002 0.54 127
0.004 0.54 113
0.006 0.54 113
0.008 0.54 149
0.01 0.54 644
0.012 0.54 1289
0.014 0.54 2543
0.016 0.54 2947
0.018 0.54 2900
0.02 0.54 2967
0.022 0.54 3000
0.024 0.54 3000
0.026 0.54 3000
0.028 0.54 3000

0.0 0.56 3000
0.002 0.56 123
0.004 0.56 112
0.006 0.56 113
0.008 0.56 143
0.01 0.56 456
0.012 0.56 1531
0.014 0.56 2156
0.016 0.56 2855
0.018 0.56 3000
0.02 0.56 3000
0.022 0.56 3000
0.024 0.56 3000
0.026 0.56 3000
0.028 0.56 3000

0.0 0.58 3000
0.002 0.58 123
0.004 0.58 111
0.006 0.58 110
0.008 0.58 133
0.01 0.58 364
0.012 0.58 1109
0.014 0.58 1999
0.016 0.58 2659
0.018 0.58 2939
0.02 0.58 3000
0.022 0.58 3000
0.024 0.58 3000
0.026 0.58 3000
0.028 0.58 3000

0.0 0.6 3000
0.002 0.6 122
0.004 0.6 110
0.006 0.6 109
0.008 0.6 129
0.01 0.6 420
0.012 0.6 1031
0.014 0.6 2310
0.016 0.6 2721
0.018 0.6 3000
0.02 0.6 3000
0.022 0.6 3000
0.024 0.6 3000
0.026 0.6 3000
0.028 0.6 3000

0.0 0.62 3000
0.002 0.62 121
0.004 0.62 107
0.006 0.62 104
0.008 0.62 129
0.01 0.62 409
0.012 0.62 1101
0.014 0.62 1303
0.016 0.62 2586
0.018 0.62 2880
0.02 0.62 3000
0.022 0.62 3000
0.024 0.62 3000
0.026 0.62 3000
0.028 0.62 3000

0.0 0.64 3000
0.002 0.64 119
0.004 0.64 106
0.006 0.64 106
0.008 0.64 133
0.01 0.64 429
0.012 0.64 841
0.014 0.64 2004
0.016 0.64 2788
0.018 0.64 2861
0.02 0.64 2998
0.022 0.64 3000
0.024 0.64 3000
0.026 0.64 3000
0.028 0.64 3000

0.0 0.66 3000
0.002 0.66 117
0.004 0.66 103
0.006 0.66 108
0.008 0.66 128
0.01 0.66 508
0.012 0.66 975
0.014 0.66 1551
0.016 0.66 2403
0.018 0.66 2787
0.02 0.66 2790
0.022 0.66 3000
0.024 0.66 3000
0.026 0.66 3000
0.028 0.66 3000

0.0 0.68 3000
0.002 0.68 117
0.004 0.68 102
0.006 0.68 104
0.008 0.68 122
0.01 0.68 302
0.012 0.68 902
0.014 0.68 2023
0.016 0.68 2692
0.018 0.68 2963
0.02 0.68 3000
0.022 0.68 3000
0.024 0.68 3000
0.026 0.68 3000
0.028 0.68 3000

0.0 0.7 3000
0.002 0.7 116
0.004 0.7 102
0.006 0.7 102
0.008 0.7 128
0.01 0.7 365
0.012 0.7 1399
0.014 0.7 2004
0.016 0.7 2562
0.018 0.7 2939
0.02 0.7 2955
0.022 0.7 3000
0.024 0.7 3000
0.026 0.7 3000
0.028 0.7 3000

0.0 0.72 3000
0.002 0.72 113
0.004 0.72 102
0.006 0.72 100
0.008 0.72 120
0.01 0.72 293
0.012 0.72 987
0.014 0.72 2083
0.016 0.72 2593
0.018 0.72 2825
0.02 0.72 3000
0.022 0.72 2963
0.024 0.72 3000
0.026 0.72 3000
0.028 0.72 3000

0.0 0.74 3000
0.002 0.74 113
0.004 0.74 102
0.006 0.74 100
0.008 0.74 121
0.01 0.74 263
0.012 0.74 1152
0.014 0.74 2214
0.016 0.74 2770
0.018 0.74 2896
0.02 0.74 2890
0.022 0.74 3000
0.024 0.74 3000
0.026 0.74 3000
0.028 0.74 3000

0.0 0.76 3000
0.002 0.76 115
0.004 0.76 99
0.006 0.76 99
0.008 0.76 116
0.01 0.76 263
0.012 0.76 882
0.014 0.76 2017
0.016 0.76 2269
0.018 0.76 2719
0.02 0.76 3000
0.022 0.76 3000
0.024 0.76 3000
0.026 0.76 3000
0.028 0.76 3000

0.0 0.78 3000
0.002 0.78 110
0.004 0.78 99
0.006 0.78 99
0.008 0.78 119
0.01 0.78 210
0.012 0.78 1025
0.014 0.78 2178
0.016 0.78 2444
0.018 0.78 2983
0.02 0.78 3000
0.022 0.78 2922
0.024 0.78 3000
0.026 0.78 3000
0.028 0.78 3000

0.0 0.8 3000
0.002 0.8 108
0.004 0.8 98
0.006 0.8 99
0.008 0.8 112
0.01 0.8 306
0.012 0.8 855
0.014 0.8 1678
0.016 0.8 2517
0.018 0.8 2804
0.02 0.8 2836
0.022 0.8 2895
0.024 0.8 3000
0.026 0.8 3000
0.028 0.8 3000

0.0 0.82 3000
0.002 0.82 109
0.004 0.82 97
0.006 0.82 96
0.008 0.82 113
0.01 0.82 221
0.012 0.82 928
0.014 0.82 1836
0.016 0.82 2734
0.018 0.82 2969
0.02 0.82 3000
0.022 0.82 3000
0.024 0.82 3000
0.026 0.82 3000
0.028 0.82 3000

0.0 0.84 3000
0.002 0.84 108
0.004 0.84 99
0.006 0.84 94
0.008 0.84 106
0.01 0.84 270
0.012 0.84 797
0.014 0.84 1458
0.016 0.84 2214
0.018 0.84 2890
0.02 0.84 2996
0.022 0.84 3000
0.024 0.84 3000
0.026 0.84 3000
0.028 0.84 3000

0.0 0.86 3000
0.002 0.86 107
0.004 0.86 94
0.006 0.86 94
0.008 0.86 109
0.01 0.86 197
0.012 0.86 932
0.014 0.86 2081
0.016 0.86 2606
0.018 0.86 3000
0.02 0.86 2949
0.022 0.86 3000
0.024 0.86 3000
0.026 0.86 3000
0.028 0.86 3000

0.0 0.88 3000
0.002 0.88 107
0.004 0.88 93
0.006 0.88 95
0.008 0.88 105
0.01 0.88 268
0.012 0.88 802
0.014 0.88 1984
0.016 0.88 2456
0.018 0.88 2886
0.02 0.88 3000
0.022 0.88 3000
0.024 0.88 3000
0.026 0.88 3000
0.028 0.88 3000
