0.0 0.5 3000
0.002 0.5 95
0.004 0.5 79
0.006 0.5 72
0.008 0.5 70
0.01 0.5 68
0.012 0.5 69
0.014 0.5 73
0.016 0.5 116
0.018 0.5 450
0.02 0.5 2583
0.022 0.5 3000
0.024 0.5 3000
0.026 0.5 3000
0.028 0.5 3000

0.0 0.52 3000
0.002 0.52 97
0.004 0.52 77
0.006 0.52 72
0.008 0.52 70
0.01 0.52 68
0.012 0.52 68
0.014 0.52 78
0.016 0.52 96
0.018 0.52 236
0.02 0.52 2133
0.022 0.52 3000
0.024 0.52 3000
0.026 0.52 3000
0.028 0.52 3000

0.0 0.54 3000
0.002 0.54 95
0.004 0.54 79
0.006 0.54 71
0.008 0.54 67
0.01 0.54 66
0.012 0.54 68
0.014 0.54 73
0.016 0.54 94
0.018 0.54 262
0.02 0.54 2112
0.022 0.54 2930
0.024 0.54 3000
0.026 0.54 3000
0.028 0.54 3000

0.0 0.56 3000
0.002 0.56 95
0.004 0.56 78
0.006 0.56 70
0.008 0.56 67
0.01 0.56 66
0.012 0.56 67
0.014 0.56 72
0.016 0.56 93
0.018 0.56 183
0.02 0.56 1431
0.022 0.56 3000
0.024 0.56 3000
0.026 0.56 3000
0.028 0.56 3000

0.0 0.58 3000
0.002 0.58 95
0.004 0.58 76
0.006 0.58 69
0.008 0.58 66
0.01 0.58 64
0.012 0.58 66
0.014 0.58 74
0.016 0.58 88
0.018 0.58 168
0.02 0.58 1673
0.022 0.58 2926
0.024 0.58 3000
0.026 0.58 3000
0.028 0.58 3000

0.0 0.6 3000
0.002 0.6 91
0.004 0.6 76
0.006 0.6 68
0.008 0.6 65
0.01 0.6 68
0.012 0.6 66
0.014 0.6 72
0.016 0.6 94
0.018 0.6 183
0.02 0.6 1957
0.022 0.6 2816
0.024 0.6 3000
0.026 0.6 3000
0.028 0.6 3000

0.0 0.62 3000
0.002 0.62 92
0.004 0.62 75
0.006 0.62 68
0.008 0.62 65
0.01 0.62 65
0.012 0.62 67
0.014 0.62 66
0.016 0.62 80
0.018 0.62 177
0.02 0.62 1128
0.022 0.62 2906
0.024 0.62 3000
0.026 0.62 3000
0.028 0.62 3000

0.0 0.64 3000
0.002 0.64 89
0.004 0.64 75
0.006 0.64 69
0.008 0.64 65
0.01 0.64 61
0.012 0.64 64
0.014 0.64 68
0.016 0.64 81
0.018 0.64 194
0.02 0.64 1179
0.022 0.64 3000
0.024 0.64 3000
0.026 0.64 3000
0.028 0.64 3000

0.0 0.66 3000
0.002 0.66 88
0.004 0.66 75
0.006 0.66 69
0.008 0.66 63
0.01 0.66 63
0.012 0.66 65
0.014 0.66 68
0.016 0.66 80
0.018 0.66 113
0.02 0.66 784
0.022 0.66 2718
0.024 0.66 3000
0.026 0.66 3000
0.028 0.66 3000

0.0 0.68 3000
0.002 0.68 90
0.004 0.68 74
0.006 0.68 68
0.008 0.68 63
0.01 0.68 63
0.012 0.68 64
0.014 0.68 64
0.016 0.68 77
0.018 0.68 165
0.02 0.68 733
0.022 0.68 2624
0.024 0.68 3000
0.026 0.68 3000
0.028 0.68 3000

0.0 0.7 3000
0.002 0.7 88
0.004 0.7 72
0.006 0.7 68
0.008 0.7 63
0.01 0.7 60
0.012 0.7 61
0.014 0.7 66
0.016 0.7 76
0.018 0.7 130
0.02 0.7 1011
0.022 0.7 3000
0.024 0.7 3000
0.026 0.7 3000
0.028 0.7 3000

0.0 0.72 3000
0.002 0.72 88
0.004 0.72 72
0.006 0.72 66
0.008 0.72 64
0.01 0.72 62
0.012 0.72 64
0.014 0.72 65
0.016 0.72 71
0.018 0.72 161
0.02 0.72 762
0.022 0.72 2782
0.024 0.72 3000
0.026 0.72 3000
0.028 0.72 3000

0.0 0.74 3000
0.002 0.74 89
0.004 0.74 73
0.006 0.74 66
0.008 0.74 63
0.01 0.74 62
0.012 0.74 62
0.014 0.74 65
0.016 0.74 72
0.018 0.74 133
0.02 0.74 654
0.022 0.74 2768
0.024 0.74 3000
0.026 0.74 3000
0.028 0.74 3000

0.0 0.76 3000
0.002 0.76 88
0.004 0.76 72
0.006 0.76 64
0.008 0.76 62
0.01 0.76 61
0.012 0.76 61
0.014 0.76 63
0.016 0.76 70
0.018 0.76 102
0.02 0.76 373
0.022 0.76 2411
0.024 0.76 3000
0.026 0.76 3000
0.028 0.76 3000

0.0 0.78 3000
0.002 0.78 87
0.004 0.78 71
0.006 0.78 65
0.008 0.78 61
0.01 0.78 59
0.012 0.78 62
0.014 0.78 63
0.016 0.78 71
0.018 0.78 110
0.02 0.78 492
0.022 0.78 2646
0.024 0.78 3000
0.026 0.78 3000
0.028 0.78 3000

0.0 0.8 3000
0.002 0.8 88
0.004 0.8 73
0.006 0.8 64
0.008 0.8 61
0.01 0.8 59
0.012 0.8 61
0.014 0.8 63
0.016 0.8 69
0.018 0.8 116
0.02 0.8 528
0.022 0.8 2656
0.024 0.8 3000
0.026 0.8 3000
0.028 0.8 3000

0.0 0.82 3000
0.002 0.82 85
0.004 0.82 69
0.006 0.82 63
0.008 0.82 60
0.01 0.82 60
0.012 0.82 58
0.014 0.82 61
0.016 0.82 69
0.018 0.82 147
0.02 0.82 531
0.022 0.82 2321
0.024 0.82 2817
0.026 0.82 3000
0.028 0.82 3000

0.0 0.84 3000
0.002 0.84 84
0.004 0.84 70
0.006 0.84 62
0.008 0.84 61
0.01 0.84 60
0.012 0.84 60
0.014 0.84 63
0.016 0.84 68
0.018 0.84 110
0.02 0.84 401
0.022 0.84 1799
0.024 0.84 2802
0.026 0.84 3000
0.028 0.84 3000

0.0 0.86 3000
0.002 0.86 85
0.004 0.86 70
0.006 0.86 61
0.008 0.86 60
0.01 0.86 59
0.012 0.86 60
0.014 0.86 58
0.016 0.86 67
0.018 0.86 84
0.02 0.86 447
0.022 0.86 2274
0.024 0.86 2999
0.026 0.86 3000
0.028 0.86 3000

0.0 0.88 3000
0.002 0.88 82
0.004 0.88 70
0.006 0.88 63
0.008 0.88 60
0.01 0.88 58
0.012 0.88 60
0.014 0.88 58
0.016 0.88 63
0.018 0.88 105
0.02 0.88 380
0.022 0.88 1843
0.024 0.88 3000
0.026 0.88 3000
0.028 0.88 3000
