0.0 0.5 50
0.002 0.5 44
0.004 0.5 43
0.006 0.5 44
0.008 0.5 43
0.01 0.5 43
0.012 0.5 46
0.014 0.5 50
0.016 0.5 58
0.018 0.5 111
0.02 0.5 306
0.022 0.5 1821
0.024 0.5 2941
0.026 0.5 2822
0.028 0.5 3000

0.0 0.52 45
0.002 0.52 43
0.004 0.52 42
0.006 0.52 42
0.008 0.52 43
0.01 0.52 45
0.012 0.52 44
0.014 0.52 51
0.016 0.52 57
0.018 0.52 106
0.02 0.52 282
0.022 0.52 1991
0.024 0.52 2560
0.026 0.52 3000
0.028 0.52 3000

0.0 0.54 46
0.002 0.54 43
0.004 0.54 42
0.006 0.54 42
0.008 0.54 43
0.01 0.54 44
0.012 0.54 44
0.014 0.54 47
0.016 0.54 54
0.018 0.54 107
0.02 0.54 369
0.022 0.54 1844
0.024 0.54 2908
0.026 0.54 3000
0.028 0.54 3000

0.0 0.56 46
0.002 0.56 42
0.004 0.56 41
0.006 0.56 42
0.008 0.56 41
0.01 0.56 42
0.012 0.56 44
0.014 0.56 48
0.016 0.56 55
0.018 0.56 103
0.02 0.56 175
0.022 0.56 1260
0.024 0.56 2638
0.026 0.56 2734
0.028 0.56 3000

0.0 0.58 47
0.002 0.58 42
0.004 0.58 41
0.006 0.58 41
0.008 0.58 43
0.01 0.58 42
0.012 0.58 43
0.014 0.58 46
0.016 0.58 60
0.018 0.58 109
0.02 0.58 404
0.022 0.58 1592
0.024 0.58 2843
0.026 0.58 3000
0.028 0.58 3000

0.0 0.6 44
0.002 0.6 43
0.004 0.6 40
0.006 0.6 41
0.008 0.6 41
0.01 0.6 42
0.012 0.6 42
0.014 0.6 49
0.016 0.6 51
0.018 0.6 84
0.02 0.6 183
0.022 0.6 1351
0.024 0.6 2860
0.026 0.6 2752
0.028 0.6 3000

0.0 0.62 42
0.002 0.62 43
0.004 0.62 39
0.006 0.62 39
0.008 0.62 40
0.01 0.62 41
0.012 0.62 44
0.014 0.62 47
0.016 0.62 50
0.018 0.62 103
0.02 0.62 252
0.022 0.62 1511
0.024 0.62 2500
0.026 0.62 3000
0.028 0.62 3000

0.0 0.64 44
0.002 0.64 41
0.004 0.64 38
0.006 0.64 39
0.008 0.64 41
0.01 0.64 40
0.012 0.64 43
0.014 0.64 47
0.016 0.64 52
0.018 0.64 71
0.02 0.64 209
0.022 0.64 750
0.024 0.64 2383
0.026 0.64 2782
0.028 0.64 3000

0.0 0.66 42
0.002 0.66 43
0.004 0.66 41
0.006 0.66 40
0.008 0.66 40
0.01 0.66 39
0.012 0.66 41
0.014 0.66 46
0.016 0.66 56
0.018 0.66 72
0.02 0.66 180
0.022 0.66 485
0.024 0.66 2417
0.026 0.66 2616
0.028 0.66 3000

0.0 0.68 43
0.002 0.68 40
0.004 0.68 40
0.006 0.68 39
0.008 0.68 39
0.01 0.68 41
0.012 0.68 42
0.014 0.68 45
0.016 0.68 48
0.018 0.68 58
0.02 0.68 143
0.022 0.68 686
0.024 0.68 2119
0.026 0.68 3000
0.028 0.68 3000

0.0 0.7 45
0.002 0.7 39
0.004 0.7 40
0.006 0.7 37
0.008 0.7 38
0.01 0.7 40
0.012 0.7 42
0.014 0.7 45
0.016 0.7 51
0.018 0.7 67
0.02 0.7 194
0.022 0.7 632
0.024 0.7 2483
0.026 0.7 3000
0.028 0.7 3000

0.0 0.72 42
0.002 0.72 42
0.004 0.72 38
0.006 0.72 39
0.008 0.72 38
0.01 0.72 40
0.012 0.72 40
0.014 0.72 43
0.016 0.72 51
0.018 0.72 77
0.02 0.72 224
0.022 0.72 685
0.024 0.72 1640
0.026 0.72 2965
0.028 0.72 3000

0.0 0.74 41
0.002 0.74 40
0.004 0.74 38
0.006 0.74 38
0.008 0.74 38
0.01 0.74 38
0.012 0.74 42
0.014 0.74 44
0.016 0.74 50
0.018 0.74 60
0.02 0.74 140
0.022 0.74 633
0.024 0.74 2177
0.026 0.74 2747
0.028 0.74 3000

0.0 0.76 42
0.002 0.76 39
0.004 0.76 38
0.006 0.76 39
0.008 0.76 37
0.01 0.76 39
0.012 0.76 41
0.014 0.76 42
0.016 0.76 47
0.018 0.76 64
0.02 0.76 222
0.022 0.76 485
0.024 0.76 2469
0.026 0.76 3000
0.028 0.76 3000

0.0 0.78 43
0.002 0.78 39
0.004 0.78 38
0.006 0.78 39
0.008 0.78 38
0.01 0.78 38
0.012 0.78 40
0.014 0.78 42
0.016 0.78 46
0.018 0.78 57
0.02 0.78 113
0.022 0.78 411
0.024 0.78 1674
0.026 0.78 2947
0.028 0.78 3000

0.0 0.8 38
0.002 0.8 39
0.004 0.8 38
0.006 0.8 38
0.008 0.8 37
0.01 0.8 39
0.012 0.8 39
0.014 0.8 41
0.016 0.8 47
0.018 0.8 58
0.02 0.8 140
0.022 0.8 662
0.024 0.8 2060
0.026 0.8 2742
0.028 0.8 3000

0.0 0.82 40
0.002 0.82 39
0.004 0.82 38
0.006 0.82 38
0.008 0.82 38
0.01 0.82 39
0.012 0.82 41
0.014 0.82 41
0.016 0.82 49
0.018 0.82 54
0.02 0.82 186
0.022 0.82 505
0.024 0.82 2233
0.026 0.82 2800
0.028 0.82 3000

0.0 0.84 42
0.002 0.84 39
0.004 0.84 37
0.006 0.84 37
0.008 0.84 37
0.01 0.84 37
0.012 0.84 41
0.014 0.84 42
0.016 0.84 46
0.018 0.84 62
0.02 0.84 134
0.022 0.84 558
0.024 0.84 1504
0.026 0.84 2335
0.028 0.84 2776

0.0 0.86 39
0.002 0.86 37
0.004 0.86 35
0.006 0.86 35
0.008 0.86 38
0.01 0.86 36
0.012 0.86 39
0.014 0.86 41
0.016 0.86 46
0.018 0.86 60
0.02 0.86 125
0.022 0.86 491
0.024 0.86 1323
0.026 0.86 2793
0.028 0.86 3000

0.0 0.88 39
0.002 0.88 37
0.004 0.88 36
0.006 0.88 36
0.008 0.88 36
0.01 0.88 38
0.012 0.88 38
0.014 0.88 43
0.016 0.88 45
0.018 0.88 72
0.02 0.88 105
0.022 0.88 253
0.024 0.88 1867
0.026 0.88 2674
0.028 0.88 2852
