1 603.0121695794295
2 603.7156817225335
3 607.2732959336751
4 607.7309648756956
5 611.2749717656294
6 613.3452350008349
7 613.7265278811597
8 614.159157759787
9 614.159157759787
10 614.159157759787
11 614.159157759787
12 614.159157759787
13 614.1591577597871
14 614.3338772605996
15 614.9268925487555
16 617.6969358691009
17 617.7458581934989
18 618.0973777834052
19 618.406676792825
20 618.4733552717299
21 618.6254988888987
22 619.6176622395398
23 619.6840701655169
24 619.8120742695271
25 620.6858891715463
26 620.751937773883
27 621.683449660875
28 621.8984031050312
29 621.9749147047667
30 622.1126609365668
31 622.1126609365671
32 622.1365813102157
33 622.1365813102157
34 622.1365813102158
35 622.1365813102158
36 622.4826796813907
37 622.5030358102605
38 622.5597247564159
39 622.5597247564159
40 624.0030635615124
41 624.3019549643276
42 624.4480428994199
43 625.3855651526994
44 625.6178351246142
45 625.7243829247692
46 625.8002579043134
47 628.7630031486486
48 629.6205909607094
49 629.6565908216174
50 630.1110901722785
51 630.8581424988279
52 630.9575879139215
53 630.9894630343653
54 631.4735549144256
55 631.9069307795252
56 631.9474353608671
57 632.2429959146043
58 632.3011174444622
59 632.3469175834591
60 632.8636715093085
61 633.1249534032078
62 633.8486063054212
63 634.0628629420702
64 634.8950791367167
65 635.4350200234956
66 635.4350200234956
67 635.5040328966827
68 637.180224097621
69 637.4458356082711
70 637.7259463757952
71 638.3450253093242
72 638.8056198799108
73 639.0080166877916
74 639.0080166877916
75 640.1681580470478
76 641.0670573507305
77 641.3163835609462
78 641.6611946116499
79 641.9064820004089
80 641.9326645780949
81 642.1888271642619
82 643.6619689784023
83 643.8552659662954
84 644.2941519628492
85 644.6811188325644
86 646.6305592273233
87 646.6449521172199
88 646.7285378561961
89 647.8628971950576
90 647.9062883086358
91 647.9062883086358
92 648.8338253094305
93 649.2881587184942
94 650.1537417343072
95 650.7094147969949
96 654.5100007518369
97 655.0957308432229
98 657.9979376306154
99 658.8215430227219
100 663.6123314528954
