0.2 0.9 2000
0.195 0.9 2000
0.19 0.9 2000
0.185 0.9 2000
0.18 0.9 2000
0.175 0.9 2000
0.16999999999999998 0.9 2000
0.16499999999999998 0.9 2000
0.15999999999999998 0.9 2000
0.15499999999999997 0.9 2000
0.14999999999999997 0.9 2000
0.14499999999999996 0.9 2000
0.13999999999999996 0.9 2000
0.13499999999999995 0.9 2000
0.12999999999999995 0.9 2000
0.12499999999999994 0.9 2000
0.11999999999999994 0.9 2000
0.11499999999999994 0.9 2000
0.10999999999999993 0.9 2000
0.10499999999999993 0.9 2000
0.09999999999999992 0.9 2000
0.09499999999999992 0.9 2000
0.08999999999999991 0.9 2000
0.08499999999999991 0.9 2000
0.0799999999999999 0.9 2000
0.0749999999999999 0.9 2000
0.0699999999999999 0.9 2000
0.06499999999999989 0.9 2000
0.059999999999999894 0.9 2000
0.054999999999999896 0.9 2000
0.0499999999999999 0.9 2000
0.0449999999999999 0.9 2000
0.039999999999999904 0.9 2000
0.034999999999999906 0.9 1985
0.029999999999999905 0.9 1957
0.024999999999999904 0.9 2000
0.019999999999999903 0.9 1979
0.014999999999999902 0.9 2000
0.009999999999999901 0.9 2000
0.004999999999999901 0.9 2000

0.2 0.85 2000
0.195 0.85 2000
0.19 0.85 2000
0.185 0.85 2000
0.18 0.85 2000
0.175 0.85 2000
0.16999999999999998 0.85 2000
0.16499999999999998 0.85 2000
0.15999999999999998 0.85 2000
0.15499999999999997 0.85 2000
0.14999999999999997 0.85 2000
0.14499999999999996 0.85 2000
0.13999999999999996 0.85 2000
0.13499999999999995 0.85 2000
0.12999999999999995 0.85 2000
0.12499999999999994 0.85 2000
0.11999999999999994 0.85 2000
0.11499999999999994 0.85 2000
0.10999999999999993 0.85 2000
0.10499999999999993 0.85 2000
0.09999999999999992 0.85 2000
0.09499999999999992 0.85 2000
0.08999999999999991 0.85 2000
0.08499999999999991 0.85 2000
0.0799999999999999 0.85 2000
0.0749999999999999 0.85 2000
0.0699999999999999 0.85 2000
0.06499999999999989 0.85 2000
0.059999999999999894 0.85 2000
0.054999999999999896 0.85 2000
0.0499999999999999 0.85 2000
0.0449999999999999 0.85 2000
0.039999999999999904 0.85 2000
0.034999999999999906 0.85 2000
0.029999999999999905 0.85 2000
0.024999999999999904 0.85 2000
0.019999999999999903 0.85 1874
0.014999999999999902 0.85 1965
0.009999999999999901 0.85 2000
0.004999999999999901 0.85 1929

0.2 0.7999999999999999 2000
0.195 0.7999999999999999 2000
0.19 0.7999999999999999 2000
0.185 0.7999999999999999 2000
0.18 0.7999999999999999 2000
0.175 0.7999999999999999 2000
0.16999999999999998 0.7999999999999999 2000
0.16499999999999998 0.7999999999999999 2000
0.15999999999999998 0.7999999999999999 2000
0.15499999999999997 0.7999999999999999 2000
0.14999999999999997 0.7999999999999999 2000
0.14499999999999996 0.7999999999999999 2000
0.13999999999999996 0.7999999999999999 2000
0.13499999999999995 0.7999999999999999 2000
0.12999999999999995 0.7999999999999999 2000
0.12499999999999994 0.7999999999999999 2000
0.11999999999999994 0.7999999999999999 2000
0.11499999999999994 0.7999999999999999 2000
0.10999999999999993 0.7999999999999999 2000
0.10499999999999993 0.7999999999999999 2000
0.09999999999999992 0.7999999999999999 2000
0.09499999999999992 0.7999999999999999 2000
0.08999999999999991 0.7999999999999999 2000
0.08499999999999991 0.7999999999999999 2000
0.0799999999999999 0.7999999999999999 2000
0.0749999999999999 0.7999999999999999 2000
0.0699999999999999 0.7999999999999999 2000
0.06499999999999989 0.7999999999999999 2000
0.059999999999999894 0.7999999999999999 2000
0.054999999999999896 0.7999999999999999 2000
0.0499999999999999 0.7999999999999999 2000
0.0449999999999999 0.7999999999999999 2000
0.039999999999999904 0.7999999999999999 2000
0.034999999999999906 0.7999999999999999 2000
0.029999999999999905 0.7999999999999999 2000
0.024999999999999904 0.7999999999999999 2000
0.019999999999999903 0.7999999999999999 2000
0.014999999999999902 0.7999999999999999 1941
0.009999999999999901 0.7999999999999999 1962
0.004999999999999901 0.7999999999999999 1930

0.2 0.7499999999999999 2000
0.195 0.7499999999999999 2000
0.19 0.7499999999999999 2000
0.185 0.7499999999999999 2000
0.18 0.7499999999999999 2000
0.175 0.7499999999999999 2000
0.16999999999999998 0.7499999999999999 2000
0.16499999999999998 0.7499999999999999 2000
0.15999999999999998 0.7499999999999999 2000
0.15499999999999997 0.7499999999999999 2000
0.14999999999999997 0.7499999999999999 2000
0.14499999999999996 0.7499999999999999 2000
0.13999999999999996 0.7499999999999999 2000
0.13499999999999995 0.7499999999999999 2000
0.12999999999999995 0.7499999999999999 2000
0.12499999999999994 0.7499999999999999 2000
0.11999999999999994 0.7499999999999999 2000
0.11499999999999994 0.7499999999999999 2000
0.10999999999999993 0.7499999999999999 2000
0.10499999999999993 0.7499999999999999 2000
0.09999999999999992 0.7499999999999999 2000
0.09499999999999992 0.7499999999999999 2000
0.08999999999999991 0.7499999999999999 2000
0.08499999999999991 0.7499999999999999 2000
0.0799999999999999 0.7499999999999999 2000
0.0749999999999999 0.7499999999999999 2000
0.0699999999999999 0.7499999999999999 2000
0.06499999999999989 0.7499999999999999 2000
0.059999999999999894 0.7499999999999999 2000
0.054999999999999896 0.7499999999999999 2000
0.0499999999999999 0.7499999999999999 2000
0.0449999999999999 0.7499999999999999 2000
0.039999999999999904 0.7499999999999999 2000
0.034999999999999906 0.7499999999999999 2000
0.029999999999999905 0.7499999999999999 2000
0.024999999999999904 0.7499999999999999 2000
0.019999999999999903 0.7499999999999999 2000
0.014999999999999902 0.7499999999999999 1889
0.009999999999999901 0.7499999999999999 1949
0.004999999999999901 0.7499999999999999 2000

0.2 0.6999999999999998 2000
0.195 0.6999999999999998 2000
0.19 0.6999999999999998 2000
0.185 0.6999999999999998 2000
0.18 0.6999999999999998 2000
0.175 0.6999999999999998 2000
0.16999999999999998 0.6999999999999998 2000
0.16499999999999998 0.6999999999999998 2000
0.15999999999999998 0.6999999999999998 2000
0.15499999999999997 0.6999999999999998 2000
0.14999999999999997 0.6999999999999998 2000
0.14499999999999996 0.6999999999999998 2000
0.13999999999999996 0.6999999999999998 2000
0.13499999999999995 0.6999999999999998 2000
0.12999999999999995 0.6999999999999998 2000
0.12499999999999994 0.6999999999999998 2000
0.11999999999999994 0.6999999999999998 2000
0.11499999999999994 0.6999999999999998 2000
0.10999999999999993 0.6999999999999998 2000
0.10499999999999993 0.6999999999999998 2000
0.09999999999999992 0.6999999999999998 2000
0.09499999999999992 0.6999999999999998 2000
0.08999999999999991 0.6999999999999998 2000
0.08499999999999991 0.6999999999999998 2000
0.0799999999999999 0.6999999999999998 2000
0.0749999999999999 0.6999999999999998 2000
0.0699999999999999 0.6999999999999998 2000
0.06499999999999989 0.6999999999999998 2000
0.059999999999999894 0.6999999999999998 2000
0.054999999999999896 0.6999999999999998 2000
0.0499999999999999 0.6999999999999998 2000
0.0449999999999999 0.6999999999999998 2000
0.039999999999999904 0.6999999999999998 2000
0.034999999999999906 0.6999999999999998 2000
0.029999999999999905 0.6999999999999998 2000
0.024999999999999904 0.6999999999999998 1937
0.019999999999999903 0.6999999999999998 1945
0.014999999999999902 0.6999999999999998 1960
0.009999999999999901 0.6999999999999998 1914
0.004999999999999901 0.6999999999999998 2000

0.2 0.6499999999999998 2000
0.195 0.6499999999999998 2000
0.19 0.6499999999999998 2000
0.185 0.6499999999999998 2000
0.18 0.6499999999999998 2000
0.175 0.6499999999999998 2000
0.16999999999999998 0.6499999999999998 2000
0.16499999999999998 0.6499999999999998 2000
0.15999999999999998 0.6499999999999998 2000
0.15499999999999997 0.6499999999999998 2000
0.14999999999999997 0.6499999999999998 2000
0.14499999999999996 0.6499999999999998 2000
0.13999999999999996 0.6499999999999998 2000
0.13499999999999995 0.6499999999999998 2000
0.12999999999999995 0.6499999999999998 2000
0.12499999999999994 0.6499999999999998 2000
0.11999999999999994 0.6499999999999998 2000
0.11499999999999994 0.6499999999999998 2000
0.10999999999999993 0.6499999999999998 2000
0.10499999999999993 0.6499999999999998 2000
0.09999999999999992 0.6499999999999998 2000
0.09499999999999992 0.6499999999999998 2000
0.08999999999999991 0.6499999999999998 2000
0.08499999999999991 0.6499999999999998 2000
0.0799999999999999 0.6499999999999998 2000
0.0749999999999999 0.6499999999999998 2000
0.0699999999999999 0.6499999999999998 2000
0.06499999999999989 0.6499999999999998 2000
0.059999999999999894 0.6499999999999998 2000
0.054999999999999896 0.6499999999999998 2000
0.0499999999999999 0.6499999999999998 2000
0.0449999999999999 0.6499999999999998 2000
0.039999999999999904 0.6499999999999998 2000
0.034999999999999906 0.6499999999999998 2000
0.029999999999999905 0.6499999999999998 2000
0.024999999999999904 0.6499999999999998 2000
0.019999999999999903 0.6499999999999998 2000
0.014999999999999902 0.6499999999999998 2000
0.009999999999999901 0.6499999999999998 2000
0.004999999999999901 0.6499999999999998 2000

0.2 0.5999999999999998 2000
0.195 0.5999999999999998 2000
0.19 0.5999999999999998 2000
0.185 0.5999999999999998 2000
0.18 0.5999999999999998 2000
0.175 0.5999999999999998 2000
0.16999999999999998 0.5999999999999998 2000
0.16499999999999998 0.5999999999999998 2000
0.15999999999999998 0.5999999999999998 2000
0.15499999999999997 0.5999999999999998 2000
0.14999999999999997 0.5999999999999998 2000
0.14499999999999996 0.5999999999999998 2000
0.13999999999999996 0.5999999999999998 2000
0.13499999999999995 0.5999999999999998 2000
0.12999999999999995 0.5999999999999998 2000
0.12499999999999994 0.5999999999999998 2000
0.11999999999999994 0.5999999999999998 2000
0.11499999999999994 0.5999999999999998 2000
0.10999999999999993 0.5999999999999998 2000
0.10499999999999993 0.5999999999999998 2000
0.09999999999999992 0.5999999999999998 2000
0.09499999999999992 0.5999999999999998 2000
0.08999999999999991 0.5999999999999998 2000
0.08499999999999991 0.5999999999999998 2000
0.0799999999999999 0.5999999999999998 2000
0.0749999999999999 0.5999999999999998 2000
0.0699999999999999 0.5999999999999998 2000
0.06499999999999989 0.5999999999999998 2000
0.059999999999999894 0.5999999999999998 2000
0.054999999999999896 0.5999999999999998 2000
0.0499999999999999 0.5999999999999998 2000
0.0449999999999999 0.5999999999999998 2000
0.039999999999999904 0.5999999999999998 2000
0.034999999999999906 0.5999999999999998 2000
0.029999999999999905 0.5999999999999998 2000
0.024999999999999904 0.5999999999999998 1921
0.019999999999999903 0.5999999999999998 1849
0.014999999999999902 0.5999999999999998 1999
0.009999999999999901 0.5999999999999998 2000
0.004999999999999901 0.5999999999999998 1956

0.2 0.5499999999999997 2000
0.195 0.5499999999999997 2000
0.19 0.5499999999999997 2000
0.185 0.5499999999999997 2000
0.18 0.5499999999999997 2000
0.175 0.5499999999999997 2000
0.16999999999999998 0.5499999999999997 2000
0.16499999999999998 0.5499999999999997 2000
0.15999999999999998 0.5499999999999997 2000
0.15499999999999997 0.5499999999999997 2000
0.14999999999999997 0.5499999999999997 2000
0.14499999999999996 0.5499999999999997 2000
0.13999999999999996 0.5499999999999997 2000
0.13499999999999995 0.5499999999999997 2000
0.12999999999999995 0.5499999999999997 2000
0.12499999999999994 0.5499999999999997 2000
0.11999999999999994 0.5499999999999997 2000
0.11499999999999994 0.5499999999999997 2000
0.10999999999999993 0.5499999999999997 2000
0.10499999999999993 0.5499999999999997 2000
0.09999999999999992 0.5499999999999997 2000
0.09499999999999992 0.5499999999999997 2000
0.08999999999999991 0.5499999999999997 2000
0.08499999999999991 0.5499999999999997 2000
0.0799999999999999 0.5499999999999997 2000
0.0749999999999999 0.5499999999999997 2000
0.0699999999999999 0.5499999999999997 2000
0.06499999999999989 0.5499999999999997 2000
0.059999999999999894 0.5499999999999997 2000
0.054999999999999896 0.5499999999999997 2000
0.0499999999999999 0.5499999999999997 2000
0.0449999999999999 0.5499999999999997 2000
0.039999999999999904 0.5499999999999997 2000
0.034999999999999906 0.5499999999999997 2000
0.029999999999999905 0.5499999999999997 2000
0.024999999999999904 0.5499999999999997 2000
0.019999999999999903 0.5499999999999997 1997
0.014999999999999902 0.5499999999999997 1943
0.009999999999999901 0.5499999999999997 1993
0.004999999999999901 0.5499999999999997 2000

0.2 0.4999999999999997 2000
0.195 0.4999999999999997 2000
0.19 0.4999999999999997 2000
0.185 0.4999999999999997 2000
0.18 0.4999999999999997 2000
0.175 0.4999999999999997 2000
0.16999999999999998 0.4999999999999997 2000
0.16499999999999998 0.4999999999999997 2000
0.15999999999999998 0.4999999999999997 2000
0.15499999999999997 0.4999999999999997 2000
0.14999999999999997 0.4999999999999997 2000
0.14499999999999996 0.4999999999999997 2000
0.13999999999999996 0.4999999999999997 2000
0.13499999999999995 0.4999999999999997 2000
0.12999999999999995 0.4999999999999997 2000
0.12499999999999994 0.4999999999999997 2000
0.11999999999999994 0.4999999999999997 2000
0.11499999999999994 0.4999999999999997 2000
0.10999999999999993 0.4999999999999997 2000
0.10499999999999993 0.4999999999999997 2000
0.09999999999999992 0.4999999999999997 2000
0.09499999999999992 0.4999999999999997 2000
0.08999999999999991 0.4999999999999997 2000
0.08499999999999991 0.4999999999999997 2000
0.0799999999999999 0.4999999999999997 2000
0.0749999999999999 0.4999999999999997 2000
0.0699999999999999 0.4999999999999997 2000
0.06499999999999989 0.4999999999999997 2000
0.059999999999999894 0.4999999999999997 2000
0.054999999999999896 0.4999999999999997 2000
0.0499999999999999 0.4999999999999997 2000
0.0449999999999999 0.4999999999999997 2000
0.039999999999999904 0.4999999999999997 2000
0.034999999999999906 0.4999999999999997 2000
0.029999999999999905 0.4999999999999997 2000
0.024999999999999904 0.4999999999999997 2000
0.019999999999999903 0.4999999999999997 1993
0.014999999999999902 0.4999999999999997 2000
0.009999999999999901 0.4999999999999997 1980
0.004999999999999901 0.4999999999999997 1924

0.2 0.44999999999999973 2000
0.195 0.44999999999999973 2000
0.19 0.44999999999999973 2000
0.185 0.44999999999999973 2000
0.18 0.44999999999999973 2000
0.175 0.44999999999999973 2000
0.16999999999999998 0.44999999999999973 2000
0.16499999999999998 0.44999999999999973 2000
0.15999999999999998 0.44999999999999973 2000
0.15499999999999997 0.44999999999999973 2000
0.14999999999999997 0.44999999999999973 2000
0.14499999999999996 0.44999999999999973 2000
0.13999999999999996 0.44999999999999973 2000
0.13499999999999995 0.44999999999999973 2000
0.12999999999999995 0.44999999999999973 2000
0.12499999999999994 0.44999999999999973 2000
0.11999999999999994 0.44999999999999973 2000
0.11499999999999994 0.44999999999999973 2000
0.10999999999999993 0.44999999999999973 2000
0.10499999999999993 0.44999999999999973 2000
0.09999999999999992 0.44999999999999973 2000
0.09499999999999992 0.44999999999999973 2000
0.08999999999999991 0.44999999999999973 2000
0.08499999999999991 0.44999999999999973 2000
0.0799999999999999 0.44999999999999973 2000
0.0749999999999999 0.44999999999999973 2000
0.0699999999999999 0.44999999999999973 2000
0.06499999999999989 0.44999999999999973 2000
0.059999999999999894 0.44999999999999973 2000
0.054999999999999896 0.44999999999999973 2000
0.0499999999999999 0.44999999999999973 2000
0.0449999999999999 0.44999999999999973 2000
0.039999999999999904 0.44999999999999973 2000
0.034999999999999906 0.44999999999999973 2000
0.029999999999999905 0.44999999999999973 2000
0.024999999999999904 0.44999999999999973 2000
0.019999999999999903 0.44999999999999973 2000
0.014999999999999902 0.44999999999999973 2000
0.009999999999999901 0.44999999999999973 2000
0.004999999999999901 0.44999999999999973 1838

0.2 0.39999999999999974 2000
0.195 0.39999999999999974 2000
0.19 0.39999999999999974 2000
0.185 0.39999999999999974 2000
0.18 0.39999999999999974 2000
0.175 0.39999999999999974 2000
0.16999999999999998 0.39999999999999974 2000
0.16499999999999998 0.39999999999999974 2000
0.15999999999999998 0.39999999999999974 2000
0.15499999999999997 0.39999999999999974 2000
0.14999999999999997 0.39999999999999974 2000
0.14499999999999996 0.39999999999999974 2000
0.13999999999999996 0.39999999999999974 2000
0.13499999999999995 0.39999999999999974 2000
0.12999999999999995 0.39999999999999974 2000
0.12499999999999994 0.39999999999999974 2000
0.11999999999999994 0.39999999999999974 2000
0.11499999999999994 0.39999999999999974 2000
0.10999999999999993 0.39999999999999974 2000
0.10499999999999993 0.39999999999999974 2000
0.09999999999999992 0.39999999999999974 2000
0.09499999999999992 0.39999999999999974 2000
0.08999999999999991 0.39999999999999974 2000
0.08499999999999991 0.39999999999999974 2000
0.0799999999999999 0.39999999999999974 2000
0.0749999999999999 0.39999999999999974 2000
0.0699999999999999 0.39999999999999974 2000
0.06499999999999989 0.39999999999999974 2000
0.059999999999999894 0.39999999999999974 2000
0.054999999999999896 0.39999999999999974 2000
0.0499999999999999 0.39999999999999974 2000
0.0449999999999999 0.39999999999999974 2000
0.039999999999999904 0.39999999999999974 2000
0.034999999999999906 0.39999999999999974 2000
0.029999999999999905 0.39999999999999974 2000
0.024999999999999904 0.39999999999999974 2000
0.019999999999999903 0.39999999999999974 1956
0.014999999999999902 0.39999999999999974 2000
0.009999999999999901 0.39999999999999974 1952
0.004999999999999901 0.39999999999999974 1840

0.2 0.34999999999999976 2000
0.195 0.34999999999999976 2000
0.19 0.34999999999999976 2000
0.185 0.34999999999999976 2000
0.18 0.34999999999999976 2000
0.175 0.34999999999999976 2000
0.16999999999999998 0.34999999999999976 2000
0.16499999999999998 0.34999999999999976 2000
0.15999999999999998 0.34999999999999976 2000
0.15499999999999997 0.34999999999999976 2000
0.14999999999999997 0.34999999999999976 2000
0.14499999999999996 0.34999999999999976 2000
0.13999999999999996 0.34999999999999976 2000
0.13499999999999995 0.34999999999999976 2000
0.12999999999999995 0.34999999999999976 2000
0.12499999999999994 0.34999999999999976 2000
0.11999999999999994 0.34999999999999976 2000
0.11499999999999994 0.34999999999999976 2000
0.10999999999999993 0.34999999999999976 2000
0.10499999999999993 0.34999999999999976 2000
0.09999999999999992 0.34999999999999976 2000
0.09499999999999992 0.34999999999999976 2000
0.08999999999999991 0.34999999999999976 2000
0.08499999999999991 0.34999999999999976 2000
0.0799999999999999 0.34999999999999976 2000
0.0749999999999999 0.34999999999999976 2000
0.0699999999999999 0.34999999999999976 2000
0.06499999999999989 0.34999999999999976 2000
0.059999999999999894 0.34999999999999976 2000
0.054999999999999896 0.34999999999999976 2000
0.0499999999999999 0.34999999999999976 2000
0.0449999999999999 0.34999999999999976 2000
0.039999999999999904 0.34999999999999976 2000
0.034999999999999906 0.34999999999999976 2000
0.029999999999999905 0.34999999999999976 2000
0.024999999999999904 0.34999999999999976 2000
0.019999999999999903 0.34999999999999976 2000
0.014999999999999902 0.34999999999999976 2000
0.009999999999999901 0.34999999999999976 1862
0.004999999999999901 0.34999999999999976 1750

0.2 0.29999999999999977 2000
0.195 0.29999999999999977 2000
0.19 0.29999999999999977 2000
0.185 0.29999999999999977 2000
0.18 0.29999999999999977 2000
0.175 0.29999999999999977 2000
0.16999999999999998 0.29999999999999977 2000
0.16499999999999998 0.29999999999999977 2000
0.15999999999999998 0.29999999999999977 2000
0.15499999999999997 0.29999999999999977 2000
0.14999999999999997 0.29999999999999977 2000
0.14499999999999996 0.29999999999999977 2000
0.13999999999999996 0.29999999999999977 2000
0.13499999999999995 0.29999999999999977 2000
0.12999999999999995 0.29999999999999977 2000
0.12499999999999994 0.29999999999999977 2000
0.11999999999999994 0.29999999999999977 2000
0.11499999999999994 0.29999999999999977 2000
0.10999999999999993 0.29999999999999977 2000
0.10499999999999993 0.29999999999999977 2000
0.09999999999999992 0.29999999999999977 2000
0.09499999999999992 0.29999999999999977 2000
0.08999999999999991 0.29999999999999977 2000
0.08499999999999991 0.29999999999999977 2000
0.0799999999999999 0.29999999999999977 2000
0.0749999999999999 0.29999999999999977 2000
0.0699999999999999 0.29999999999999977 2000
0.06499999999999989 0.29999999999999977 2000
0.059999999999999894 0.29999999999999977 2000
0.054999999999999896 0.29999999999999977 2000
0.0499999999999999 0.29999999999999977 2000
0.0449999999999999 0.29999999999999977 2000
0.039999999999999904 0.29999999999999977 2000
0.034999999999999906 0.29999999999999977 2000
0.029999999999999905 0.29999999999999977 2000
0.024999999999999904 0.29999999999999977 2000
0.019999999999999903 0.29999999999999977 2000
0.014999999999999902 0.29999999999999977 1894
0.009999999999999901 0.29999999999999977 1934
0.004999999999999901 0.29999999999999977 1810

0.2 0.24999999999999978 2000
0.195 0.24999999999999978 2000
0.19 0.24999999999999978 2000
0.185 0.24999999999999978 2000
0.18 0.24999999999999978 2000
0.175 0.24999999999999978 2000
0.16999999999999998 0.24999999999999978 2000
0.16499999999999998 0.24999999999999978 2000
0.15999999999999998 0.24999999999999978 2000
0.15499999999999997 0.24999999999999978 2000
0.14999999999999997 0.24999999999999978 2000
0.14499999999999996 0.24999999999999978 2000
0.13999999999999996 0.24999999999999978 2000
0.13499999999999995 0.24999999999999978 2000
0.12999999999999995 0.24999999999999978 2000
0.12499999999999994 0.24999999999999978 2000
0.11999999999999994 0.24999999999999978 2000
0.11499999999999994 0.24999999999999978 2000
0.10999999999999993 0.24999999999999978 2000
0.10499999999999993 0.24999999999999978 2000
0.09999999999999992 0.24999999999999978 2000
0.09499999999999992 0.24999999999999978 2000
0.08999999999999991 0.24999999999999978 2000
0.08499999999999991 0.24999999999999978 2000
0.0799999999999999 0.24999999999999978 2000
0.0749999999999999 0.24999999999999978 2000
0.0699999999999999 0.24999999999999978 2000
0.06499999999999989 0.24999999999999978 2000
0.059999999999999894 0.24999999999999978 2000
0.054999999999999896 0.24999999999999978 2000
0.0499999999999999 0.24999999999999978 2000
0.0449999999999999 0.24999999999999978 2000
0.039999999999999904 0.24999999999999978 2000
0.034999999999999906 0.24999999999999978 2000
0.029999999999999905 0.24999999999999978 2000
0.024999999999999904 0.24999999999999978 2000
0.019999999999999903 0.24999999999999978 2000
0.014999999999999902 0.24999999999999978 1955
0.009999999999999901 0.24999999999999978 1942
0.004999999999999901 0.24999999999999978 1858

0.2 0.1999999999999998 2000
0.195 0.1999999999999998 2000
0.19 0.1999999999999998 2000
0.185 0.1999999999999998 2000
0.18 0.1999999999999998 2000
0.175 0.1999999999999998 2000
0.16999999999999998 0.1999999999999998 2000
0.16499999999999998 0.1999999999999998 2000
0.15999999999999998 0.1999999999999998 2000
0.15499999999999997 0.1999999999999998 2000
0.14999999999999997 0.1999999999999998 2000
0.14499999999999996 0.1999999999999998 2000
0.13999999999999996 0.1999999999999998 2000
0.13499999999999995 0.1999999999999998 2000
0.12999999999999995 0.1999999999999998 2000
0.12499999999999994 0.1999999999999998 2000
0.11999999999999994 0.1999999999999998 2000
0.11499999999999994 0.1999999999999998 2000
0.10999999999999993 0.1999999999999998 2000
0.10499999999999993 0.1999999999999998 2000
0.09999999999999992 0.1999999999999998 2000
0.09499999999999992 0.1999999999999998 2000
0.08999999999999991 0.1999999999999998 2000
0.08499999999999991 0.1999999999999998 2000
0.0799999999999999 0.1999999999999998 2000
0.0749999999999999 0.1999999999999998 2000
0.0699999999999999 0.1999999999999998 2000
0.06499999999999989 0.1999999999999998 2000
0.059999999999999894 0.1999999999999998 2000
0.054999999999999896 0.1999999999999998 2000
0.0499999999999999 0.1999999999999998 2000
0.0449999999999999 0.1999999999999998 2000
0.039999999999999904 0.1999999999999998 2000
0.034999999999999906 0.1999999999999998 2000
0.029999999999999905 0.1999999999999998 2000
0.024999999999999904 0.1999999999999998 2000
0.019999999999999903 0.1999999999999998 2000
0.014999999999999902 0.1999999999999998 2000
0.009999999999999901 0.1999999999999998 1844
0.004999999999999901 0.1999999999999998 2000

0.2 0.1499999999999998 2000
0.195 0.1499999999999998 2000
0.19 0.1499999999999998 2000
0.185 0.1499999999999998 2000
0.18 0.1499999999999998 2000
0.175 0.1499999999999998 2000
0.16999999999999998 0.1499999999999998 2000
0.16499999999999998 0.1499999999999998 2000
0.15999999999999998 0.1499999999999998 2000
0.15499999999999997 0.1499999999999998 2000
0.14999999999999997 0.1499999999999998 2000
0.14499999999999996 0.1499999999999998 2000
0.13999999999999996 0.1499999999999998 2000
0.13499999999999995 0.1499999999999998 2000
0.12999999999999995 0.1499999999999998 2000
0.12499999999999994 0.1499999999999998 2000
0.11999999999999994 0.1499999999999998 2000
0.11499999999999994 0.1499999999999998 2000
0.10999999999999993 0.1499999999999998 2000
0.10499999999999993 0.1499999999999998 2000
0.09999999999999992 0.1499999999999998 2000
0.09499999999999992 0.1499999999999998 2000
0.08999999999999991 0.1499999999999998 2000
0.08499999999999991 0.1499999999999998 2000
0.0799999999999999 0.1499999999999998 2000
0.0749999999999999 0.1499999999999998 2000
0.0699999999999999 0.1499999999999998 2000
0.06499999999999989 0.1499999999999998 2000
0.059999999999999894 0.1499999999999998 2000
0.054999999999999896 0.1499999999999998 2000
0.0499999999999999 0.1499999999999998 2000
0.0449999999999999 0.1499999999999998 2000
0.039999999999999904 0.1499999999999998 2000
0.034999999999999906 0.1499999999999998 2000
0.029999999999999905 0.1499999999999998 2000
0.024999999999999904 0.1499999999999998 2000
0.019999999999999903 0.1499999999999998 2000
0.014999999999999902 0.1499999999999998 2000
0.009999999999999901 0.1499999999999998 1880
0.004999999999999901 0.1499999999999998 2000

0.2 0.0999999999999998 2000
0.195 0.0999999999999998 2000
0.19 0.0999999999999998 2000
0.185 0.0999999999999998 2000
0.18 0.0999999999999998 2000
0.175 0.0999999999999998 2000
0.16999999999999998 0.0999999999999998 2000
0.16499999999999998 0.0999999999999998 2000
0.15999999999999998 0.0999999999999998 2000
0.15499999999999997 0.0999999999999998 2000
0.14999999999999997 0.0999999999999998 2000
0.14499999999999996 0.0999999999999998 2000
0.13999999999999996 0.0999999999999998 2000
0.13499999999999995 0.0999999999999998 2000
0.12999999999999995 0.0999999999999998 2000
0.12499999999999994 0.0999999999999998 2000
0.11999999999999994 0.0999999999999998 2000
0.11499999999999994 0.0999999999999998 2000
0.10999999999999993 0.0999999999999998 2000
0.10499999999999993 0.0999999999999998 2000
0.09999999999999992 0.0999999999999998 2000
0.09499999999999992 0.0999999999999998 2000
0.08999999999999991 0.0999999999999998 2000
0.08499999999999991 0.0999999999999998 2000
0.0799999999999999 0.0999999999999998 2000
0.0749999999999999 0.0999999999999998 2000
0.0699999999999999 0.0999999999999998 2000
0.06499999999999989 0.0999999999999998 2000
0.059999999999999894 0.0999999999999998 2000
0.054999999999999896 0.0999999999999998 2000
0.0499999999999999 0.0999999999999998 2000
0.0449999999999999 0.0999999999999998 2000
0.039999999999999904 0.0999999999999998 2000
0.034999999999999906 0.0999999999999998 2000
0.029999999999999905 0.0999999999999998 2000
0.024999999999999904 0.0999999999999998 2000
0.019999999999999903 0.0999999999999998 2000
0.014999999999999902 0.0999999999999998 2000
0.009999999999999901 0.0999999999999998 1981
0.004999999999999901 0.0999999999999998 1967

0.2 0.049999999999999795 2000
0.195 0.049999999999999795 2000
0.19 0.049999999999999795 2000
0.185 0.049999999999999795 2000
0.18 0.049999999999999795 2000
0.175 0.049999999999999795 2000
0.16999999999999998 0.049999999999999795 2000
0.16499999999999998 0.049999999999999795 2000
0.15999999999999998 0.049999999999999795 2000
0.15499999999999997 0.049999999999999795 2000
0.14999999999999997 0.049999999999999795 2000
0.14499999999999996 0.049999999999999795 2000
0.13999999999999996 0.049999999999999795 2000
0.13499999999999995 0.049999999999999795 2000
0.12999999999999995 0.049999999999999795 2000
0.12499999999999994 0.049999999999999795 2000
0.11999999999999994 0.049999999999999795 2000
0.11499999999999994 0.049999999999999795 2000
0.10999999999999993 0.049999999999999795 2000
0.10499999999999993 0.049999999999999795 2000
0.09999999999999992 0.049999999999999795 2000
0.09499999999999992 0.049999999999999795 2000
0.08999999999999991 0.049999999999999795 2000
0.08499999999999991 0.049999999999999795 2000
0.0799999999999999 0.049999999999999795 2000
0.0749999999999999 0.049999999999999795 2000
0.0699999999999999 0.049999999999999795 2000
0.06499999999999989 0.049999999999999795 2000
0.059999999999999894 0.049999999999999795 2000
0.054999999999999896 0.049999999999999795 2000
0.0499999999999999 0.049999999999999795 2000
0.0449999999999999 0.049999999999999795 2000
0.039999999999999904 0.049999999999999795 2000
0.034999999999999906 0.049999999999999795 2000
0.029999999999999905 0.049999999999999795 2000
0.024999999999999904 0.049999999999999795 2000
0.019999999999999903 0.049999999999999795 2000
0.014999999999999902 0.049999999999999795 2000
0.009999999999999901 0.049999999999999795 1994
0.004999999999999901 0.049999999999999795 2000
