0.2 0.9 684
0.195 0.9 534
0.19 0.9 456
0.185 0.9 399
0.18 0.9 340
0.175 0.9 295
0.16999999999999998 0.9 186
0.16499999999999998 0.9 187
0.15999999999999998 0.9 143
0.15499999999999997 0.9 101
0.14999999999999997 0.9 117
0.14499999999999996 0.9 85
0.13999999999999996 0.9 83
0.13499999999999995 0.9 71
0.12999999999999995 0.9 66
0.12499999999999994 0.9 50
0.11999999999999994 0.9 54
0.11499999999999994 0.9 39
0.10999999999999993 0.9 38
0.10499999999999993 0.9 34
0.09999999999999992 0.9 30
0.09499999999999992 0.9 34
0.08999999999999991 0.9 28
0.08499999999999991 0.9 25
0.0799999999999999 0.9 23
0.0749999999999999 0.9 20
0.0699999999999999 0.9 23
0.06499999999999989 0.9 17
0.059999999999999894 0.9 20
0.054999999999999896 0.9 20
0.0499999999999999 0.9 18
0.0449999999999999 0.9 19
0.039999999999999904 0.9 19
0.034999999999999906 0.9 22
0.029999999999999905 0.9 20
0.024999999999999904 0.9 23
0.019999999999999903 0.9 29
0.014999999999999902 0.9 46
0.009999999999999901 0.9 52
0.004999999999999901 0.9 136

0.2 0.85 731
0.195 0.85 665
0.19 0.85 485
0.185 0.85 442
0.18 0.85 330
0.175 0.85 264
0.16999999999999998 0.85 208
0.16499999999999998 0.85 225
0.15999999999999998 0.85 167
0.15499999999999997 0.85 143
0.14999999999999997 0.85 127
0.14499999999999996 0.85 95
0.13999999999999996 0.85 81
0.13499999999999995 0.85 68
0.12999999999999995 0.85 67
0.12499999999999994 0.85 56
0.11999999999999994 0.85 52
0.11499999999999994 0.85 42
0.10999999999999993 0.85 43
0.10499999999999993 0.85 33
0.09999999999999992 0.85 34
0.09499999999999992 0.85 31
0.08999999999999991 0.85 29
0.08499999999999991 0.85 26
0.0799999999999999 0.85 22
0.0749999999999999 0.85 23
0.0699999999999999 0.85 20
0.06499999999999989 0.85 20
0.059999999999999894 0.85 20
0.054999999999999896 0.85 19
0.0499999999999999 0.85 20
0.0449999999999999 0.85 20
0.039999999999999904 0.85 19
0.034999999999999906 0.85 23
0.029999999999999905 0.85 19
0.024999999999999904 0.85 25
0.019999999999999903 0.85 28
0.014999999999999902 0.85 43
0.009999999999999901 0.85 45
0.004999999999999901 0.85 125

0.2 0.7999999999999999 820
0.195 0.7999999999999999 594
0.19 0.7999999999999999 523
0.185 0.7999999999999999 389
0.18 0.7999999999999999 332
0.175 0.7999999999999999 313
0.16999999999999998 0.7999999999999999 295
0.16499999999999998 0.7999999999999999 207
0.15999999999999998 0.7999999999999999 173
0.15499999999999997 0.7999999999999999 135
0.14999999999999997 0.7999999999999999 131
0.14499999999999996 0.7999999999999999 117
0.13999999999999996 0.7999999999999999 101
0.13499999999999995 0.7999999999999999 79
0.12999999999999995 0.7999999999999999 69
0.12499999999999994 0.7999999999999999 65
0.11999999999999994 0.7999999999999999 52
0.11499999999999994 0.7999999999999999 53
0.10999999999999993 0.7999999999999999 44
0.10499999999999993 0.7999999999999999 45
0.09999999999999992 0.7999999999999999 34
0.09499999999999992 0.7999999999999999 33
0.08999999999999991 0.7999999999999999 29
0.08499999999999991 0.7999999999999999 26
0.0799999999999999 0.7999999999999999 25
0.0749999999999999 0.7999999999999999 23
0.0699999999999999 0.7999999999999999 23
0.06499999999999989 0.7999999999999999 22
0.059999999999999894 0.7999999999999999 20
0.054999999999999896 0.7999999999999999 20
0.0499999999999999 0.7999999999999999 20
0.0449999999999999 0.7999999999999999 20
0.039999999999999904 0.7999999999999999 21
0.034999999999999906 0.7999999999999999 22
0.029999999999999905 0.7999999999999999 22
0.024999999999999904 0.7999999999999999 24
0.019999999999999903 0.7999999999999999 28
0.014999999999999902 0.7999999999999999 40
0.009999999999999901 0.7999999999999999 61
0.004999999999999901 0.7999999999999999 132

0.2 0.7499999999999999 838
0.195 0.7499999999999999 596
0.19 0.7499999999999999 610
0.185 0.7499999999999999 479
0.18 0.7499999999999999 358
0.175 0.7499999999999999 245
0.16999999999999998 0.7499999999999999 245
0.16499999999999998 0.7499999999999999 225
0.15999999999999998 0.7499999999999999 170
0.15499999999999997 0.7499999999999999 158
0.14999999999999997 0.7499999999999999 151
0.14499999999999996 0.7499999999999999 136
0.13999999999999996 0.7499999999999999 113
0.13499999999999995 0.7499999999999999 81
0.12999999999999995 0.7499999999999999 68
0.12499999999999994 0.7499999999999999 61
0.11999999999999994 0.7499999999999999 55
0.11499999999999994 0.7499999999999999 51
0.10999999999999993 0.7499999999999999 44
0.10499999999999993 0.7499999999999999 51
0.09999999999999992 0.7499999999999999 44
0.09499999999999992 0.7499999999999999 35
0.08999999999999991 0.7499999999999999 32
0.08499999999999991 0.7499999999999999 29
0.0799999999999999 0.7499999999999999 27
0.0749999999999999 0.7499999999999999 27
0.0699999999999999 0.7499999999999999 24
0.06499999999999989 0.7499999999999999 21
0.059999999999999894 0.7499999999999999 24
0.054999999999999896 0.7499999999999999 22
0.0499999999999999 0.7499999999999999 23
0.0449999999999999 0.7499999999999999 20
0.039999999999999904 0.7499999999999999 23
0.034999999999999906 0.7499999999999999 22
0.029999999999999905 0.7499999999999999 25
0.024999999999999904 0.7499999999999999 25
0.019999999999999903 0.7499999999999999 34
0.014999999999999902 0.7499999999999999 38
0.009999999999999901 0.7499999999999999 76
0.004999999999999901 0.7499999999999999 299

0.2 0.6999999999999998 860
0.195 0.6999999999999998 768
0.19 0.6999999999999998 536
0.185 0.6999999999999998 449
0.18 0.6999999999999998 394
0.175 0.6999999999999998 422
0.16999999999999998 0.6999999999999998 303
0.16499999999999998 0.6999999999999998 221
0.15999999999999998 0.6999999999999998 218
0.15499999999999997 0.6999999999999998 178
0.14999999999999997 0.6999999999999998 136
0.14499999999999996 0.6999999999999998 133
0.13999999999999996 0.6999999999999998 97
0.13499999999999995 0.6999999999999998 93
0.12999999999999995 0.6999999999999998 81
0.12499999999999994 0.6999999999999998 76
0.11999999999999994 0.6999999999999998 66
0.11499999999999994 0.6999999999999998 64
0.10999999999999993 0.6999999999999998 50
0.10499999999999993 0.6999999999999998 47
0.09999999999999992 0.6999999999999998 37
0.09499999999999992 0.6999999999999998 39
0.08999999999999991 0.6999999999999998 33
0.08499999999999991 0.6999999999999998 32
0.0799999999999999 0.6999999999999998 29
0.0749999999999999 0.6999999999999998 26
0.0699999999999999 0.6999999999999998 23
0.06499999999999989 0.6999999999999998 23
0.059999999999999894 0.6999999999999998 24
0.054999999999999896 0.6999999999999998 23
0.0499999999999999 0.6999999999999998 23
0.0449999999999999 0.6999999999999998 22
0.039999999999999904 0.6999999999999998 23
0.034999999999999906 0.6999999999999998 22
0.029999999999999905 0.6999999999999998 24
0.024999999999999904 0.6999999999999998 27
0.019999999999999903 0.6999999999999998 31
0.014999999999999902 0.6999999999999998 40
0.009999999999999901 0.6999999999999998 64
0.004999999999999901 0.6999999999999998 172

0.2 0.6499999999999998 985
0.195 0.6499999999999998 838
0.19 0.6499999999999998 595
0.185 0.6499999999999998 485
0.18 0.6499999999999998 506
0.175 0.6499999999999998 370
0.16999999999999998 0.6499999999999998 337
0.16499999999999998 0.6499999999999998 271
0.15999999999999998 0.6499999999999998 237
0.15499999999999997 0.6499999999999998 181
0.14999999999999997 0.6499999999999998 181
0.14499999999999996 0.6499999999999998 151
0.13999999999999996 0.6499999999999998 110
0.13499999999999995 0.6499999999999998 106
0.12999999999999995 0.6499999999999998 87
0.12499999999999994 0.6499999999999998 79
0.11999999999999994 0.6499999999999998 66
0.11499999999999994 0.6499999999999998 69
0.10999999999999993 0.6499999999999998 63
0.10499999999999993 0.6499999999999998 49
0.09999999999999992 0.6499999999999998 47
0.09499999999999992 0.6499999999999998 42
0.08999999999999991 0.6499999999999998 34
0.08499999999999991 0.6499999999999998 58
0.0799999999999999 0.6499999999999998 33
0.0749999999999999 0.6499999999999998 32
0.0699999999999999 0.6499999999999998 29
0.06499999999999989 0.6499999999999998 27
0.059999999999999894 0.6499999999999998 29
0.054999999999999896 0.6499999999999998 27
0.0499999999999999 0.6499999999999998 26
0.0449999999999999 0.6499999999999998 27
0.039999999999999904 0.6499999999999998 23
0.034999999999999906 0.6499999999999998 24
0.029999999999999905 0.6499999999999998 35
0.024999999999999904 0.6499999999999998 32
0.019999999999999903 0.6499999999999998 42
0.014999999999999902 0.6499999999999998 41
0.009999999999999901 0.6499999999999998 76
0.004999999999999901 0.6499999999999998 142

0.2 0.5999999999999998 1193
0.195 0.5999999999999998 888
0.19 0.5999999999999998 844
0.185 0.5999999999999998 658
0.18 0.5999999999999998 473
0.175 0.5999999999999998 502
0.16999999999999998 0.5999999999999998 351
0.16499999999999998 0.5999999999999998 278
0.15999999999999998 0.5999999999999998 249
0.15499999999999997 0.5999999999999998 197
0.14999999999999997 0.5999999999999998 172
0.14499999999999996 0.5999999999999998 143
0.13999999999999996 0.5999999999999998 136
0.13499999999999995 0.5999999999999998 108
0.12999999999999995 0.5999999999999998 100
0.12499999999999994 0.5999999999999998 96
0.11999999999999994 0.5999999999999998 89
0.11499999999999994 0.5999999999999998 73
0.10999999999999993 0.5999999999999998 62
0.10499999999999993 0.5999999999999998 58
0.09999999999999992 0.5999999999999998 54
0.09499999999999992 0.5999999999999998 49
0.08999999999999991 0.5999999999999998 43
0.08499999999999991 0.5999999999999998 33
0.0799999999999999 0.5999999999999998 33
0.0749999999999999 0.5999999999999998 31
0.0699999999999999 0.5999999999999998 34
0.06499999999999989 0.5999999999999998 28
0.059999999999999894 0.5999999999999998 28
0.054999999999999896 0.5999999999999998 25
0.0499999999999999 0.5999999999999998 26
0.0449999999999999 0.5999999999999998 26
0.039999999999999904 0.5999999999999998 25
0.034999999999999906 0.5999999999999998 25
0.029999999999999905 0.5999999999999998 31
0.024999999999999904 0.5999999999999998 33
0.019999999999999903 0.5999999999999998 35
0.014999999999999902 0.5999999999999998 43
0.009999999999999901 0.5999999999999998 77
0.004999999999999901 0.5999999999999998 115

0.2 0.5499999999999997 1366
0.195 0.5499999999999997 930
0.19 0.5499999999999997 823
0.185 0.5499999999999997 616
0.18 0.5499999999999997 615
0.175 0.5499999999999997 493
0.16999999999999998 0.5499999999999997 444
0.16499999999999998 0.5499999999999997 324
0.15999999999999998 0.5499999999999997 296
0.15499999999999997 0.5499999999999997 251
0.14999999999999997 0.5499999999999997 242
0.14499999999999996 0.5499999999999997 199
0.13999999999999996 0.5499999999999997 144
0.13499999999999995 0.5499999999999997 155
0.12999999999999995 0.5499999999999997 126
0.12499999999999994 0.5499999999999997 95
0.11999999999999994 0.5499999999999997 93
0.11499999999999994 0.5499999999999997 67
0.10999999999999993 0.5499999999999997 77
0.10499999999999993 0.5499999999999997 60
0.09999999999999992 0.5499999999999997 60
0.09499999999999992 0.5499999999999997 45
0.08999999999999991 0.5499999999999997 39
0.08499999999999991 0.5499999999999997 43
0.0799999999999999 0.5499999999999997 33
0.0749999999999999 0.5499999999999997 33
0.0699999999999999 0.5499999999999997 29
0.06499999999999989 0.5499999999999997 27
0.059999999999999894 0.5499999999999997 25
0.054999999999999896 0.5499999999999997 31
0.0499999999999999 0.5499999999999997 27
0.0449999999999999 0.5499999999999997 23
0.039999999999999904 0.5499999999999997 26
0.034999999999999906 0.5499999999999997 25
0.029999999999999905 0.5499999999999997 31
0.024999999999999904 0.5499999999999997 33
0.019999999999999903 0.5499999999999997 40
0.014999999999999902 0.5499999999999997 54
0.009999999999999901 0.5499999999999997 58
0.004999999999999901 0.5499999999999997 321

0.2 0.4999999999999997 1115
0.195 0.4999999999999997 1096
0.19 0.4999999999999997 969
0.185 0.4999999999999997 862
0.18 0.4999999999999997 763
0.175 0.4999999999999997 629
0.16999999999999998 0.4999999999999997 481
0.16499999999999998 0.4999999999999997 428
0.15999999999999998 0.4999999999999997 312
0.15499999999999997 0.4999999999999997 306
0.14999999999999997 0.4999999999999997 230
0.14499999999999996 0.4999999999999997 181
0.13999999999999996 0.4999999999999997 172
0.13499999999999995 0.4999999999999997 130
0.12999999999999995 0.4999999999999997 122
0.12499999999999994 0.4999999999999997 117
0.11999999999999994 0.4999999999999997 94
0.11499999999999994 0.4999999999999997 85
0.10999999999999993 0.4999999999999997 71
0.10499999999999993 0.4999999999999997 52
0.09999999999999992 0.4999999999999997 60
0.09499999999999992 0.4999999999999997 65
0.08999999999999991 0.4999999999999997 70
0.08499999999999991 0.4999999999999997 42
0.0799999999999999 0.4999999999999997 46
0.0749999999999999 0.4999999999999997 43
0.0699999999999999 0.4999999999999997 32
0.06499999999999989 0.4999999999999997 34
0.059999999999999894 0.4999999999999997 29
0.054999999999999896 0.4999999999999997 35
0.0499999999999999 0.4999999999999997 29
0.0449999999999999 0.4999999999999997 30
0.039999999999999904 0.4999999999999997 33
0.034999999999999906 0.4999999999999997 29
0.029999999999999905 0.4999999999999997 29
0.024999999999999904 0.4999999999999997 46
0.019999999999999903 0.4999999999999997 42
0.014999999999999902 0.4999999999999997 51
0.009999999999999901 0.4999999999999997 85
0.004999999999999901 0.4999999999999997 268

0.2 0.44999999999999973 1318
0.195 0.44999999999999973 1238
0.19 0.44999999999999973 1108
0.185 0.44999999999999973 902
0.18 0.44999999999999973 798
0.175 0.44999999999999973 512
0.16999999999999998 0.44999999999999973 478
0.16499999999999998 0.44999999999999973 554
0.15999999999999998 0.44999999999999973 442
0.15499999999999997 0.44999999999999973 352
0.14999999999999997 0.44999999999999973 312
0.14499999999999996 0.44999999999999973 233
0.13999999999999996 0.44999999999999973 182
0.13499999999999995 0.44999999999999973 151
0.12999999999999995 0.44999999999999973 139
0.12499999999999994 0.44999999999999973 120
0.11999999999999994 0.44999999999999973 116
0.11499999999999994 0.44999999999999973 86
0.10999999999999993 0.44999999999999973 67
0.10499999999999993 0.44999999999999973 80
0.09999999999999992 0.44999999999999973 74
0.09499999999999992 0.44999999999999973 70
0.08999999999999991 0.44999999999999973 51
0.08499999999999991 0.44999999999999973 58
0.0799999999999999 0.44999999999999973 44
0.0749999999999999 0.44999999999999973 38
0.0699999999999999 0.44999999999999973 37
0.06499999999999989 0.44999999999999973 39
0.059999999999999894 0.44999999999999973 34
0.054999999999999896 0.44999999999999973 34
0.0499999999999999 0.44999999999999973 39
0.0449999999999999 0.44999999999999973 32
0.039999999999999904 0.44999999999999973 28
0.034999999999999906 0.44999999999999973 37
0.029999999999999905 0.44999999999999973 35
0.024999999999999904 0.44999999999999973 39
0.019999999999999903 0.44999999999999973 46
0.014999999999999902 0.44999999999999973 63
0.009999999999999901 0.44999999999999973 81
0.004999999999999901 0.44999999999999973 307

0.2 0.39999999999999974 1407
0.195 0.39999999999999974 1332
0.19 0.39999999999999974 1342
0.185 0.39999999999999974 1045
0.18 0.39999999999999974 873
0.175 0.39999999999999974 712
0.16999999999999998 0.39999999999999974 607
0.16499999999999998 0.39999999999999974 574
0.15999999999999998 0.39999999999999974 396
0.15499999999999997 0.39999999999999974 414
0.14999999999999997 0.39999999999999974 368
0.14499999999999996 0.39999999999999974 377
0.13999999999999996 0.39999999999999974 312
0.13499999999999995 0.39999999999999974 205
0.12999999999999995 0.39999999999999974 173
0.12499999999999994 0.39999999999999974 141
0.11999999999999994 0.39999999999999974 149
0.11499999999999994 0.39999999999999974 115
0.10999999999999993 0.39999999999999974 104
0.10499999999999993 0.39999999999999974 75
0.09999999999999992 0.39999999999999974 84
0.09499999999999992 0.39999999999999974 87
0.08999999999999991 0.39999999999999974 66
0.08499999999999991 0.39999999999999974 55
0.0799999999999999 0.39999999999999974 51
0.0749999999999999 0.39999999999999974 45
0.0699999999999999 0.39999999999999974 45
0.06499999999999989 0.39999999999999974 41
0.059999999999999894 0.39999999999999974 36
0.054999999999999896 0.39999999999999974 40
0.0499999999999999 0.39999999999999974 38
0.0449999999999999 0.39999999999999974 37
0.039999999999999904 0.39999999999999974 35
0.034999999999999906 0.39999999999999974 39
0.029999999999999905 0.39999999999999974 47
0.024999999999999904 0.39999999999999974 49
0.019999999999999903 0.39999999999999974 52
0.014999999999999902 0.39999999999999974 77
0.009999999999999901 0.39999999999999974 106
0.004999999999999901 0.39999999999999974 190

0.2 0.34999999999999976 1561
0.195 0.34999999999999976 1523
0.19 0.34999999999999976 1321
0.185 0.34999999999999976 1115
0.18 0.34999999999999976 947
0.175 0.34999999999999976 896
0.16999999999999998 0.34999999999999976 843
0.16499999999999998 0.34999999999999976 629
0.15999999999999998 0.34999999999999976 546
0.15499999999999997 0.34999999999999976 379
0.14999999999999997 0.34999999999999976 321
0.14499999999999996 0.34999999999999976 308
0.13999999999999996 0.34999999999999976 222
0.13499999999999995 0.34999999999999976 222
0.12999999999999995 0.34999999999999976 219
0.12499999999999994 0.34999999999999976 173
0.11999999999999994 0.34999999999999976 174
0.11499999999999994 0.34999999999999976 128
0.10999999999999993 0.34999999999999976 123
0.10499999999999993 0.34999999999999976 106
0.09999999999999992 0.34999999999999976 80
0.09499999999999992 0.34999999999999976 87
0.08999999999999991 0.34999999999999976 83
0.08499999999999991 0.34999999999999976 68
0.0799999999999999 0.34999999999999976 65
0.0749999999999999 0.34999999999999976 54
0.0699999999999999 0.34999999999999976 51
0.06499999999999989 0.34999999999999976 45
0.059999999999999894 0.34999999999999976 41
0.054999999999999896 0.34999999999999976 39
0.0499999999999999 0.34999999999999976 42
0.0449999999999999 0.34999999999999976 45
0.039999999999999904 0.34999999999999976 40
0.034999999999999906 0.34999999999999976 35
0.029999999999999905 0.34999999999999976 46
0.024999999999999904 0.34999999999999976 67
0.019999999999999903 0.34999999999999976 53
0.014999999999999902 0.34999999999999976 67
0.009999999999999901 0.34999999999999976 103
0.004999999999999901 0.34999999999999976 372

0.2 0.29999999999999977 1589
0.195 0.29999999999999977 1603
0.19 0.29999999999999977 1348
0.185 0.29999999999999977 1273
0.18 0.29999999999999977 1201
0.175 0.29999999999999977 1044
0.16999999999999998 0.29999999999999977 926
0.16499999999999998 0.29999999999999977 746
0.15999999999999998 0.29999999999999977 576
0.15499999999999997 0.29999999999999977 521
0.14999999999999997 0.29999999999999977 494
0.14499999999999996 0.29999999999999977 360
0.13999999999999996 0.29999999999999977 276
0.13499999999999995 0.29999999999999977 309
0.12999999999999995 0.29999999999999977 206
0.12499999999999994 0.29999999999999977 203
0.11999999999999994 0.29999999999999977 174
0.11499999999999994 0.29999999999999977 178
0.10999999999999993 0.29999999999999977 164
0.10499999999999993 0.29999999999999977 126
0.09999999999999992 0.29999999999999977 121
0.09499999999999992 0.29999999999999977 116
0.08999999999999991 0.29999999999999977 114
0.08499999999999991 0.29999999999999977 75
0.0799999999999999 0.29999999999999977 70
0.0749999999999999 0.29999999999999977 78
0.0699999999999999 0.29999999999999977 67
0.06499999999999989 0.29999999999999977 60
0.059999999999999894 0.29999999999999977 75
0.054999999999999896 0.29999999999999977 44
0.0499999999999999 0.29999999999999977 50
0.0449999999999999 0.29999999999999977 47
0.039999999999999904 0.29999999999999977 47
0.034999999999999906 0.29999999999999977 44
0.029999999999999905 0.29999999999999977 43
0.024999999999999904 0.29999999999999977 56
0.019999999999999903 0.29999999999999977 66
0.014999999999999902 0.29999999999999977 81
0.009999999999999901 0.29999999999999977 185
0.004999999999999901 0.29999999999999977 212

0.2 0.24999999999999978 1757
0.195 0.24999999999999978 1718
0.19 0.24999999999999978 1438
0.185 0.24999999999999978 1456
0.18 0.24999999999999978 1254
0.175 0.24999999999999978 1154
0.16999999999999998 0.24999999999999978 1030
0.16499999999999998 0.24999999999999978 794
0.15999999999999998 0.24999999999999978 667
0.15499999999999997 0.24999999999999978 830
0.14999999999999997 0.24999999999999978 625
0.14499999999999996 0.24999999999999978 508
0.13999999999999996 0.24999999999999978 397
0.13499999999999995 0.24999999999999978 504
0.12999999999999995 0.24999999999999978 270
0.12499999999999994 0.24999999999999978 327
0.11999999999999994 0.24999999999999978 215
0.11499999999999994 0.24999999999999978 211
0.10999999999999993 0.24999999999999978 161
0.10499999999999993 0.24999999999999978 165
0.09999999999999992 0.24999999999999978 142
0.09499999999999992 0.24999999999999978 115
0.08999999999999991 0.24999999999999978 115
0.08499999999999991 0.24999999999999978 92
0.0799999999999999 0.24999999999999978 94
0.0749999999999999 0.24999999999999978 80
0.0699999999999999 0.24999999999999978 67
0.06499999999999989 0.24999999999999978 72
0.059999999999999894 0.24999999999999978 54
0.054999999999999896 0.24999999999999978 157
0.0499999999999999 0.24999999999999978 51
0.0449999999999999 0.24999999999999978 54
0.039999999999999904 0.24999999999999978 59
0.034999999999999906 0.24999999999999978 59
0.029999999999999905 0.24999999999999978 66
0.024999999999999904 0.24999999999999978 60
0.019999999999999903 0.24999999999999978 63
0.014999999999999902 0.24999999999999978 94
0.009999999999999901 0.24999999999999978 167
0.004999999999999901 0.24999999999999978 479

0.2 0.1999999999999998 1864
0.195 0.1999999999999998 1812
0.19 0.1999999999999998 1764
0.185 0.1999999999999998 1735
0.18 0.1999999999999998 1704
0.175 0.1999999999999998 1257
0.16999999999999998 0.1999999999999998 1172
0.16499999999999998 0.1999999999999998 1091
0.15999999999999998 0.1999999999999998 1024
0.15499999999999997 0.1999999999999998 682
0.14999999999999997 0.1999999999999998 792
0.14499999999999996 0.1999999999999998 571
0.13999999999999996 0.1999999999999998 589
0.13499999999999995 0.1999999999999998 441
0.12999999999999995 0.1999999999999998 360
0.12499999999999994 0.1999999999999998 372
0.11999999999999994 0.1999999999999998 238
0.11499999999999994 0.1999999999999998 232
0.10999999999999993 0.1999999999999998 235
0.10499999999999993 0.1999999999999998 267
0.09999999999999992 0.1999999999999998 174
0.09499999999999992 0.1999999999999998 162
0.08999999999999991 0.1999999999999998 135
0.08499999999999991 0.1999999999999998 128
0.0799999999999999 0.1999999999999998 96
0.0749999999999999 0.1999999999999998 110
0.0699999999999999 0.1999999999999998 112
0.06499999999999989 0.1999999999999998 88
0.059999999999999894 0.1999999999999998 63
0.054999999999999896 0.1999999999999998 109
0.0499999999999999 0.1999999999999998 62
0.0449999999999999 0.1999999999999998 70
0.039999999999999904 0.1999999999999998 69
0.034999999999999906 0.1999999999999998 75
0.029999999999999905 0.1999999999999998 56
0.024999999999999904 0.1999999999999998 63
0.019999999999999903 0.1999999999999998 86
0.014999999999999902 0.1999999999999998 115
0.009999999999999901 0.1999999999999998 269
0.004999999999999901 0.1999999999999998 549

0.2 0.1499999999999998 2000
0.195 0.1499999999999998 1981
0.19 0.1499999999999998 1942
0.185 0.1499999999999998 1857
0.18 0.1499999999999998 1784
0.175 0.1499999999999998 1535
0.16999999999999998 0.1499999999999998 1443
0.16499999999999998 0.1499999999999998 1322
0.15999999999999998 0.1499999999999998 1235
0.15499999999999997 0.1499999999999998 1114
0.14999999999999997 0.1499999999999998 816
0.14499999999999996 0.1499999999999998 805
0.13999999999999996 0.1499999999999998 708
0.13499999999999995 0.1499999999999998 641
0.12999999999999995 0.1499999999999998 417
0.12499999999999994 0.1499999999999998 411
0.11999999999999994 0.1499999999999998 368
0.11499999999999994 0.1499999999999998 329
0.10999999999999993 0.1499999999999998 333
0.10499999999999993 0.1499999999999998 225
0.09999999999999992 0.1499999999999998 208
0.09499999999999992 0.1499999999999998 220
0.08999999999999991 0.1499999999999998 226
0.08499999999999991 0.1499999999999998 193
0.0799999999999999 0.1499999999999998 162
0.0749999999999999 0.1499999999999998 147
0.0699999999999999 0.1499999999999998 133
0.06499999999999989 0.1499999999999998 130
0.059999999999999894 0.1499999999999998 118
0.054999999999999896 0.1499999999999998 85
0.0499999999999999 0.1499999999999998 105
0.0449999999999999 0.1499999999999998 98
0.039999999999999904 0.1499999999999998 120
0.034999999999999906 0.1499999999999998 71
0.029999999999999905 0.1499999999999998 184
0.024999999999999904 0.1499999999999998 106
0.019999999999999903 0.1499999999999998 121
0.014999999999999902 0.1499999999999998 128
0.009999999999999901 0.1499999999999998 319
0.004999999999999901 0.1499999999999998 574

0.2 0.0999999999999998 2000
0.195 0.0999999999999998 1994
0.19 0.0999999999999998 1937
0.185 0.0999999999999998 1978
0.18 0.0999999999999998 1971
0.175 0.0999999999999998 1895
0.16999999999999998 0.0999999999999998 1810
0.16499999999999998 0.0999999999999998 1669
0.15999999999999998 0.0999999999999998 1744
0.15499999999999997 0.0999999999999998 1262
0.14999999999999997 0.0999999999999998 1211
0.14499999999999996 0.0999999999999998 954
0.13999999999999996 0.0999999999999998 945
0.13499999999999995 0.0999999999999998 1085
0.12999999999999995 0.0999999999999998 724
0.12499999999999994 0.0999999999999998 592
0.11999999999999994 0.0999999999999998 630
0.11499999999999994 0.0999999999999998 543
0.10999999999999993 0.0999999999999998 600
0.10499999999999993 0.0999999999999998 382
0.09999999999999992 0.0999999999999998 329
0.09499999999999992 0.0999999999999998 355
0.08999999999999991 0.0999999999999998 361
0.08499999999999991 0.0999999999999998 298
0.0799999999999999 0.0999999999999998 267
0.0749999999999999 0.0999999999999998 194
0.0699999999999999 0.0999999999999998 233
0.06499999999999989 0.0999999999999998 158
0.059999999999999894 0.0999999999999998 169
0.054999999999999896 0.0999999999999998 134
0.0499999999999999 0.0999999999999998 126
0.0449999999999999 0.0999999999999998 224
0.039999999999999904 0.0999999999999998 126
0.034999999999999906 0.0999999999999998 130
0.029999999999999905 0.0999999999999998 129
0.024999999999999904 0.0999999999999998 119
0.019999999999999903 0.0999999999999998 127
0.014999999999999902 0.0999999999999998 152
0.009999999999999901 0.0999999999999998 512
0.004999999999999901 0.0999999999999998 749

0.2 0.049999999999999795 2000
0.195 0.049999999999999795 2000
0.19 0.049999999999999795 2000
0.185 0.049999999999999795 1975
0.18 0.049999999999999795 1987
0.175 0.049999999999999795 2000
0.16999999999999998 0.049999999999999795 1985
0.16499999999999998 0.049999999999999795 1999
0.15999999999999998 0.049999999999999795 1898
0.15499999999999997 0.049999999999999795 1866
0.14999999999999997 0.049999999999999795 1829
0.14499999999999996 0.049999999999999795 1629
0.13999999999999996 0.049999999999999795 1480
0.13499999999999995 0.049999999999999795 1379
0.12999999999999995 0.049999999999999795 1113
0.12499999999999994 0.049999999999999795 1085
0.11999999999999994 0.049999999999999795 915
0.11499999999999994 0.049999999999999795 886
0.10999999999999993 0.049999999999999795 825
0.10499999999999993 0.049999999999999795 650
0.09999999999999992 0.049999999999999795 579
0.09499999999999992 0.049999999999999795 500
0.08999999999999991 0.049999999999999795 519
0.08499999999999991 0.049999999999999795 467
0.0799999999999999 0.049999999999999795 428
0.0749999999999999 0.049999999999999795 473
0.0699999999999999 0.049999999999999795 367
0.06499999999999989 0.049999999999999795 338
0.059999999999999894 0.049999999999999795 289
0.054999999999999896 0.049999999999999795 281
0.0499999999999999 0.049999999999999795 290
0.0449999999999999 0.049999999999999795 252
0.039999999999999904 0.049999999999999795 217
0.034999999999999906 0.049999999999999795 296
0.029999999999999905 0.049999999999999795 333
0.024999999999999904 0.049999999999999795 215
0.019999999999999903 0.049999999999999795 226
0.014999999999999902 0.049999999999999795 259
0.009999999999999901 0.049999999999999795 534
0.004999999999999901 0.049999999999999795 978
