0.0 0.5 3000
0.002 0.5 128
0.004 0.5 116
0.006 0.5 121
0.008 0.5 164
0.01 0.5 2494
0.012 0.5 3000
0.014 0.5 3000
0.016 0.5 3000
0.018 0.5 3000
0.02 0.5 3000
0.022 0.5 3000
0.024 0.5 3000
0.026 0.5 3000
0.028 0.5 3000

0.0 0.52 3000
0.002 0.52 128
0.004 0.52 111
0.006 0.52 118
0.008 0.52 198
0.01 0.52 2670
0.012 0.52 3000
0.014 0.52 3000
0.016 0.52 3000
0.018 0.52 3000
0.02 0.52 3000
0.022 0.52 3000
0.024 0.52 3000
0.026 0.52 3000
0.028 0.52 3000

0.0 0.54 3000
0.002 0.54 127
0.004 0.54 112
0.006 0.54 115
0.008 0.54 161
0.01 0.54 3000
0.012 0.54 3000
0.014 0.54 3000
0.016 0.54 3000
0.018 0.54 3000
0.02 0.54 3000
0.022 0.54 3000
0.024 0.54 3000
0.026 0.54 3000
0.028 0.54 3000

0.0 0.56 3000
0.002 0.56 126
0.004 0.56 111
0.006 0.56 114
0.008 0.56 156
0.01 0.56 2043
0.012 0.56 3000
0.014 0.56 3000
0.016 0.56 3000
0.018 0.56 3000
0.02 0.56 3000
0.022 0.56 3000
0.024 0.56 3000
0.026 0.56 3000
0.028 0.56 3000

0.0 0.58 3000
0.002 0.58 121
0.004 0.58 108
0.006 0.58 108
0.008 0.58 146
0.01 0.58 2006
0.012 0.58 3000
0.014 0.58 3000
0.016 0.58 3000
0.018 0.58 3000
0.02 0.58 3000
0.022 0.58 3000
0.024 0.58 3000
0.026 0.58 3000
0.028 0.58 3000

0.0 0.6 3000
0.002 0.6 122
0.004 0.6 110
0.006 0.6 111
0.008 0.6 140
0.01 0.6 2160
0.012 0.6 3000
0.014 0.6 3000
0.016 0.6 3000
0.018 0.6 3000
0.02 0.6 3000
0.022 0.6 3000
0.024 0.6 3000
0.026 0.6 3000
0.028 0.6 3000

0.0 0.62 3000
0.002 0.62 120
0.004 0.62 110
0.006 0.62 110
0.008 0.62 150
0.01 0.62 2115
0.012 0.62 3000
0.014 0.62 3000
0.016 0.62 3000
0.018 0.62 3000
0.02 0.62 3000
0.022 0.62 3000
0.024 0.62 3000
0.026 0.62 3000
0.028 0.62 3000

0.0 0.64 3000
0.002 0.64 119
0.004 0.64 106
0.006 0.64 109
0.008 0.64 154
0.01 0.64 1753
0.012 0.64 3000
0.014 0.64 3000
0.016 0.64 3000
0.018 0.64 3000
0.02 0.64 3000
0.022 0.64 3000
0.024 0.64 3000
0.026 0.64 3000
0.028 0.64 3000

0.0 0.66 3000
0.002 0.66 116
0.004 0.66 105
0.006 0.66 106
0.008 0.66 145
0.01 0.66 1997
0.012 0.66 3000
0.014 0.66 3000
0.016 0.66 3000
0.018 0.66 3000
0.02 0.66 3000
0.022 0.66 3000
0.024 0.66 3000
0.026 0.66 3000
0.028 0.66 3000

0.0 0.68 3000
0.002 0.68 115
0.004 0.68 102
0.006 0.68 104
0.008 0.68 130
0.01 0.68 1922
0.012 0.68 3000
0.014 0.68 3000
0.016 0.68 3000
0.018 0.68 3000
0.02 0.68 3000
0.022 0.68 3000
0.024 0.68 3000
0.026 0.68 3000
0.028 0.68 3000

0.0 0.7 3000
0.002 0.7 113
0.004 0.7 102
0.006 0.7 104
0.008 0.7 137
0.01 0.7 1952
0.012 0.7 3000
0.014 0.7 3000
0.016 0.7 3000
0.018 0.7 3000
0.02 0.7 3000
0.022 0.7 3000
0.024 0.7 3000
0.026 0.7 3000
0.028 0.7 3000

0.0 0.72 3000
0.002 0.72 111
0.004 0.72 102
0.006 0.72 104
0.008 0.72 135
0.01 0.72 1529
0.012 0.72 3000
0.014 0.72 3000
0.016 0.72 3000
0.018 0.72 3000
0.02 0.72 3000
0.022 0.72 3000
0.024 0.72 3000
0.026 0.72 3000
0.028 0.72 3000

0.0 0.74 3000
0.002 0.74 113
0.004 0.74 101
0.006 0.74 102
0.008 0.74 135
0.01 0.74 1465
0.012 0.74 3000
0.014 0.74 3000
0.016 0.74 3000
0.018 0.74 3000
0.02 0.74 3000
0.022 0.74 3000
0.024 0.74 3000
0.026 0.74 3000
0.028 0.74 3000

0.0 0.76 3000
0.002 0.76 110
0.004 0.76 100
0.006 0.76 102
0.008 0.76 127
0.01 0.76 1615
0.012 0.76 3000
0.014 0.76 3000
0.016 0.76 3000
0.018 0.76 3000
0.02 0.76 3000
0.022 0.76 3000
0.024 0.76 3000
0.026 0.76 3000
0.028 0.76 3000

0.0 0.78 3000
0.002 0.78 111
0.004 0.78 99
0.006 0.78 101
0.008 0.78 116
0.01 0.78 1325
0.012 0.78 2945
0.014 0.78 3000
0.016 0.78 3000
0.018 0.78 3000
0.02 0.78 3000
0.022 0.78 3000
0.024 0.78 3000
0.026 0.78 3000
0.028 0.78 3000

0.0 0.8 3000
0.002 0.8 110
0.004 0.8 98
0.006 0.8 98
0.008 0.8 121
0.01 0.8 1116
0.012 0.8 3000
0.014 0.8 3000
0.016 0.8 3000
0.018 0.8 3000
0.02 0.8 3000
0.022 0.8 3000
0.024 0.8 3000
0.026 0.8 3000
0.028 0.8 3000

0.0 0.82 3000
0.002 0.82 109
0.004 0.82 98
0.006 0.82 96
0.008 0.82 128
0.01 0.82 1456
0.012 0.82 3000
0.014 0.82 3000
0.016 0.82 3000
0.018 0.82 3000
0.02 0.82 3000
0.022 0.82 3000
0.024 0.82 3000
0.026 0.82 3000
0.028 0.82 3000

0.0 0.84 3000
0.002 0.84 106
0.004 0.84 95
0.006 0.84 97
0.008 0.84 110
0.01 0.84 894
0.012 0.84 2756
0.014 0.84 3000
0.016 0.84 3000
0.018 0.84 3000
0.02 0.84 3000
0.022 0.84 3000
0.024 0.84 3000
0.026 0.84 3000
0.028 0.84 3000

0.0 0.86 3000
0.002 0.86 106
0.004 0.86 95
0.006 0.86 98
0.008 0.86 112
0.01 0.86 970
0.012 0.86 3000
0.014 0.86 3000
0.016 0.86 3000
0.018 0.86 3000
0.02 0.86 3000
0.022 0.86 3000
0.024 0.86 3000
0.026 0.86 3000
0.028 0.86 3000

0.0 0.88 3000
0.002 0.88 106
0.004 0.88 95
0.006 0.88 93
0.008 0.88 114
0.01 0.88 527
0.012 0.88 2821
0.014 0.88 3000
0.016 0.88 3000
0.018 0.88 3000
0.02 0.88 3000
0.022 0.88 3000
0.024 0.88 3000
0.026 0.88 3000
0.028 0.88 3000
