0.0 0.5 3000
0.002 0.5 130
0.004 0.5 117
0.006 0.5 120
0.008 0.5 148
0.01 0.5 435
0.012 0.5 1247
0.014 0.5 2007
0.016 0.5 2647
0.018 0.5 2992
0.02 0.5 3000
0.022 0.5 3000
0.024 0.5 3000
0.026 0.5 3000
0.028 0.5 3000

0.0 0.52 3000
0.002 0.52 127
0.004 0.52 114
0.006 0.52 117
0.008 0.52 167
0.01 0.52 645
0.012 0.52 1581
0.014 0.52 1859
0.016 0.52 2573
0.018 0.52 2764
0.02 0.52 3000
0.022 0.52 3000
0.024 0.52 3000
0.026 0.52 3000
0.028 0.52 3000

0.0 0.54 3000
0.002 0.54 124
0.004 0.54 114
0.006 0.54 116
0.008 0.54 128
0.01 0.54 419
0.012 0.54 1296
0.014 0.54 2499
0.016 0.54 2601
0.018 0.54 2896
0.02 0.54 3000
0.022 0.54 3000
0.024 0.54 3000
0.026 0.54 3000
0.028 0.54 3000

0.0 0.56 3000
0.002 0.56 125
0.004 0.56 114
0.006 0.56 111
0.008 0.56 128
0.01 0.56 592
0.012 0.56 1479
0.014 0.56 1788
0.016 0.56 2654
0.018 0.56 2949
0.02 0.56 3000
0.022 0.56 3000
0.024 0.56 3000
0.026 0.56 3000
0.028 0.56 3000

0.0 0.58 3000
0.002 0.58 120
0.004 0.58 109
0.006 0.58 111
0.008 0.58 132
0.01 0.58 291
0.012 0.58 1587
0.014 0.58 2015
0.016 0.58 2740
0.018 0.58 2976
0.02 0.58 2992
0.022 0.58 3000
0.024 0.58 3000
0.026 0.58 3000
0.028 0.58 3000

0.0 0.6 3000
0.002 0.6 123
0.004 0.6 108
0.006 0.6 111
0.008 0.6 141
0.01 0.6 415
0.012 0.6 1066
0.014 0.6 1718
0.016 0.6 2452
0.018 0.6 2770
0.02 0.6 3000
0.022 0.6 3000
0.024 0.6 3000
0.026 0.6 3000
0.028 0.6 3000

0.0 0.62 3000
0.002 0.62 118
0.004 0.62 106
0.006 0.62 110
0.008 0.62 135
0.01 0.62 290
0.012 0.62 1427
0.014 0.62 1520
0.016 0.62 2813
0.018 0.62 2881
0.02 0.62 2998
0.022 0.62 3000
0.024 0.62 3000
0.026 0.62 3000
0.028 0.62 3000

0.0 0.64 3000
0.002 0.64 119
0.004 0.64 107
0.006 0.64 106
0.008 0.64 131
0.01 0.64 401
0.012 0.64 1102
0.014 0.64 1816
0.016 0.64 2516
0.018 0.64 2977
0.02 0.64 3000
0.022 0.64 3000
0.024 0.64 3000
0.026 0.64 3000
0.028 0.64 3000

0.0 0.66 3000
0.002 0.66 119
0.004 0.66 104
0.006 0.66 105
0.008 0.66 127
0.01 0.66 360
0.012 0.66 1152
0.014 0.66 2179
0.016 0.66 2507
0.018 0.66 3000
0.02 0.66 3000
0.022 0.66 2984
0.024 0.66 3000
0.026 0.66 3000
0.028 0.66 3000

0.0 0.68 3000
0.002 0.68 114
0.004 0.68 105
0.006 0.68 102
0.008 0.68 127
0.01 0.68 361
0.012 0.68 768
0.014 0.68 1979
0.016 0.68 2698
0.018 0.68 3000
0.02 0.68 3000
0.022 0.68 3000
0.024 0.68 3000
0.026 0.68 3000
0.028 0.68 3000

0.0 0.7 3000
0.002 0.7 116
0.004 0.7 102
0.006 0.7 103
0.008 0.7 119
0.01 0.7 260
0.012 0.7 1276
0.014 0.7 1894
0.016 0.7 2072
0.018 0.7 3000
0.02 0.7 3000
0.022 0.7 3000
0.024 0.7 3000
0.026 0.7 3000
0.028 0.7 3000

0.0 0.72 3000
0.002 0.72 115
0.004 0.72 102
0.006 0.72 104
0.008 0.72 121
0.01 0.72 376
0.012 0.72 1493
0.014 0.72 1992
0.016 0.72 2617
0.018 0.72 2894
0.02 0.72 2987
0.022 0.72 3000
0.024 0.72 3000
0.026 0.72 3000
0.028 0.72 3000

0.0 0.74 3000
0.002 0.74 113
0.004 0.74 102
0.006 0.74 103
0.008 0.74 114
0.01 0.74 271
0.012 0.74 757
0.014 0.74 2467
0.016 0.74 2562
0.018 0.74 2851
0.02 0.74 3000
0.022 0.74 3000
0.024 0.74 3000
0.026 0.74 3000
0.028 0.74 3000

0.0 0.76 3000
0.002 0.76 112
0.004 0.76 99
0.006 0.76 96
0.008 0.76 118
0.01 0.76 260
0.012 0.76 802
0.014 0.76 1763
0.016 0.76 2614
0.018 0.76 2914
0.02 0.76 2911
0.022 0.76 3000
0.024 0.76 3000
0.026 0.76 3000
0.028 0.76 3000

0.0 0.78 3000
0.002 0.78 110
0.004 0.78 99
0.006 0.78 100
0.008 0.78 117
0.01 0.78 314
0.012 0.78 989
0.014 0.78 1878
0.016 0.78 2319
0.018 0.78 3000
0.02 0.78 3000
0.022 0.78 3000
0.024 0.78 3000
0.026 0.78 3000
0.028 0.78 3000

0.0 0.8 3000
0.002 0.8 110
0.004 0.8 97
0.006 0.8 98
0.008 0.8 109
0.01 0.8 338
0.012 0.8 918
0.014 0.8 1729
0.016 0.8 2517
0.018 0.8 3000
0.02 0.8 3000
0.022 0.8 3000
0.024 0.8 3000
0.026 0.8 3000
0.028 0.8 3000

0.0 0.82 3000
0.002 0.82 109
0.004 0.82 97
0.006 0.82 97
0.008 0.82 106
0.01 0.82 283
0.012 0.82 1023
0.014 0.82 1536
0.016 0.82 2605
0.018 0.82 2955
0.02 0.82 2999
0.022 0.82 3000
0.024 0.82 3000
0.026 0.82 3000
0.028 0.82 3000

0.0 0.84 3000
0.002 0.84 107
0.004 0.84 97
0.006 0.84 92
0.008 0.84 104
0.01 0.84 216
0.012 0.84 750
0.014 0.84 2084
0.016 0.84 2847
0.018 0.84 2407
0.02 0.84 2945
0.022 0.84 3000
0.024 0.84 3000
0.026 0.84 3000
0.028 0.84 3000

0.0 0.86 3000
0.002 0.86 107
0.004 0.86 97
0.006 0.86 95
0.008 0.86 108
0.01 0.86 229
0.012 0.86 901
0.014 0.86 2166
0.016 0.86 2422
0.018 0.86 2722
0.02 0.86 3000
0.022 0.86 2999
0.024 0.86 3000
0.026 0.86 3000
0.028 0.86 3000

0.0 0.88 3000
0.002 0.88 106
0.004 0.88 95
0.006 0.88 93
0.008 0.88 109
0.01 0.88 267
0.012 0.88 912
0.014 0.88 1780
0.016 0.88 2814
0.018 0.88 2852
0.02 0.88 2947
0.022 0.88 3000
0.024 0.88 3000
0.026 0.88 3000
0.028 0.88 3000
