0.0 0.5 3000
0.002 0.5 172
0.004 0.5 158
0.006 0.5 182
0.008 0.5 2733
0.01 0.5 3000
0.012 0.5 3000
0.014 0.5 3000
0.016 0.5 3000
0.018 0.5 3000
0.02 0.5 3000
0.022 0.5 3000
0.024 0.5 3000
0.026 0.5 3000
0.028 0.5 3000

0.0 0.52 3000
0.002 0.52 172
0.004 0.52 150
0.006 0.52 166
0.008 0.52 2766
0.01 0.52 3000
0.012 0.52 3000
0.014 0.52 3000
0.016 0.52 3000
0.018 0.52 3000
0.02 0.52 3000
0.022 0.52 3000
0.024 0.52 3000
0.026 0.52 3000
0.028 0.52 3000

0.0 0.54 3000
0.002 0.54 166
0.004 0.54 153
0.006 0.54 180
0.008 0.54 1892
0.01 0.54 3000
0.012 0.54 3000
0.014 0.54 3000
0.016 0.54 3000
0.018 0.54 3000
0.02 0.54 3000
0.022 0.54 3000
0.024 0.54 3000
0.026 0.54 3000
0.028 0.54 3000

0.0 0.56 3000
0.002 0.56 161
0.004 0.56 155
0.006 0.56 177
0.008 0.56 1983
0.01 0.56 3000
0.012 0.56 3000
0.014 0.56 3000
0.016 0.56 3000
0.018 0.56 3000
0.02 0.56 3000
0.022 0.56 3000
0.024 0.56 3000
0.026 0.56 3000
0.028 0.56 3000

0.0 0.58 3000
0.002 0.58 166
0.004 0.58 144
0.006 0.58 172
0.008 0.58 1919
0.01 0.58 3000
0.012 0.58 3000
0.014 0.58 3000
0.016 0.58 3000
0.018 0.58 3000
0.02 0.58 3000
0.022 0.58 3000
0.024 0.58 3000
0.026 0.58 3000
0.028 0.58 3000

0.0 0.6 3000
0.002 0.6 162
0.004 0.6 146
0.006 0.6 167
0.008 0.6 1829
0.01 0.6 3000
0.012 0.6 3000
0.014 0.6 3000
0.016 0.6 3000
0.018 0.6 3000
0.02 0.6 3000
0.022 0.6 3000
0.024 0.6 3000
0.026 0.6 3000
0.028 0.6 3000

0.0 0.62 3000
0.002 0.62 159
0.004 0.62 144
0.006 0.62 167
0.008 0.62 1804
0.01 0.62 3000
0.012 0.62 3000
0.014 0.62 3000
0.016 0.62 3000
0.018 0.62 3000
0.02 0.62 3000
0.022 0.62 3000
0.024 0.62 3000
0.026 0.62 3000
0.028 0.62 3000

0.0 0.64 3000
0.002 0.64 161
0.004 0.64 144
0.006 0.64 160
0.008 0.64 1601
0.01 0.64 3000
0.012 0.64 3000
0.014 0.64 3000
0.016 0.64 3000
0.018 0.64 3000
0.02 0.64 3000
0.022 0.64 3000
0.024 0.64 3000
0.026 0.64 3000
0.028 0.64 3000

0.0 0.66 3000
0.002 0.66 160
0.004 0.66 140
0.006 0.66 160
0.008 0.66 1200
0.01 0.66 3000
0.012 0.66 3000
0.014 0.66 3000
0.016 0.66 3000
0.018 0.66 3000
0.02 0.66 3000
0.022 0.66 3000
0.024 0.66 3000
0.026 0.66 3000
0.028 0.66 3000

0.0 0.68 3000
0.002 0.68 155
0.004 0.68 136
0.006 0.68 154
0.008 0.68 1426
0.01 0.68 3000
0.012 0.68 3000
0.014 0.68 3000
0.016 0.68 3000
0.018 0.68 3000
0.02 0.68 3000
0.022 0.68 3000
0.024 0.68 3000
0.026 0.68 3000
0.028 0.68 3000

0.0 0.7 3000
0.002 0.7 155
0.004 0.7 137
0.006 0.7 153
0.008 0.7 1566
0.01 0.7 3000
0.012 0.7 3000
0.014 0.7 3000
0.016 0.7 3000
0.018 0.7 3000
0.02 0.7 3000
0.022 0.7 3000
0.024 0.7 3000
0.026 0.7 3000
0.028 0.7 3000

0.0 0.72 3000
0.002 0.72 153
0.004 0.72 136
0.006 0.72 157
0.008 0.72 1592
0.01 0.72 3000
0.012 0.72 3000
0.014 0.72 3000
0.016 0.72 3000
0.018 0.72 3000
0.02 0.72 3000
0.022 0.72 3000
0.024 0.72 3000
0.026 0.72 3000
0.028 0.72 3000

0.0 0.74 3000
0.002 0.74 151
0.004 0.74 137
0.006 0.74 153
0.008 0.74 1104
0.01 0.74 3000
0.012 0.74 3000
0.014 0.74 3000
0.016 0.74 3000
0.018 0.74 3000
0.02 0.74 3000
0.022 0.74 3000
0.024 0.74 3000
0.026 0.74 3000
0.028 0.74 3000

0.0 0.76 3000
0.002 0.76 153
0.004 0.76 134
0.006 0.76 154
0.008 0.76 999
0.01 0.76 3000
0.012 0.76 3000
0.014 0.76 3000
0.016 0.76 3000
0.018 0.76 3000
0.02 0.76 3000
0.022 0.76 3000
0.024 0.76 3000
0.026 0.76 3000
0.028 0.76 3000

0.0 0.78 3000
0.002 0.78 151
0.004 0.78 133
0.006 0.78 153
0.008 0.78 1235
0.01 0.78 3000
0.012 0.78 3000
0.014 0.78 3000
0.016 0.78 3000
0.018 0.78 3000
0.02 0.78 3000
0.022 0.78 3000
0.024 0.78 3000
0.026 0.78 3000
0.028 0.78 3000

0.0 0.8 3000
0.002 0.8 146
0.004 0.8 131
0.006 0.8 143
0.008 0.8 1193
0.01 0.8 3000
0.012 0.8 3000
0.014 0.8 3000
0.016 0.8 3000
0.018 0.8 3000
0.02 0.8 3000
0.022 0.8 3000
0.024 0.8 3000
0.026 0.8 3000
0.028 0.8 3000

0.0 0.82 3000
0.002 0.82 147
0.004 0.82 134
0.006 0.82 141
0.008 0.82 973
0.01 0.82 3000
0.012 0.82 3000
0.014 0.82 3000
0.016 0.82 3000
0.018 0.82 3000
0.02 0.82 3000
0.022 0.82 3000
0.024 0.82 3000
0.026 0.82 3000
0.028 0.82 3000

0.0 0.84 3000
0.002 0.84 149
0.004 0.84 131
0.006 0.84 142
0.008 0.84 821
0.01 0.84 3000
0.012 0.84 3000
0.014 0.84 3000
0.016 0.84 3000
0.018 0.84 3000
0.02 0.84 3000
0.022 0.84 3000
0.024 0.84 3000
0.026 0.84 3000
0.028 0.84 3000

0.0 0.86 3000
0.002 0.86 144
0.004 0.86 131
0.006 0.86 135
0.008 0.86 640
0.01 0.86 3000
0.012 0.86 3000
0.014 0.86 3000
0.016 0.86 3000
0.018 0.86 3000
0.02 0.86 3000
0.022 0.86 3000
0.024 0.86 3000
0.026 0.86 3000
0.028 0.86 3000

0.0 0.88 3000
0.002 0.88 145
0.004 0.88 126
0.006 0.88 152
0.008 0.88 1071
0.01 0.88 3000
0.012 0.88 3000
0.014 0.88 3000
0.016 0.88 3000
0.018 0.88 3000
0.02 0.88 3000
0.022 0.88 3000
0.024 0.88 3000
0.026 0.88 3000
0.028 0.88 3000
gnuplot> cd 'C:\Users\janro\IdeaProjects\GenetischeAlgorithmen\output'
gnuplot> splot "AllOneIsFittest_2020_11_27_09_34.txt"
gnuplot> set pm3d at bs
gnuplot> set grid
gnuplot> set contour
gnuplot> set title "Aufgabe 1 - Plot 2" font "Times,30"
gnuplot> set label 1 "y-axis pm"  at graph 0.5,-0.1,-0.6 font "Times,18"
gnuplot> set label 2 "x-axis pc"  at graph 1.2,0.5,-0.6 font "Times,18"
gnuplot> set label 3 "z-axis gener"  at graph -0.2,-0.2,0.5 font "Times,18"
gnuplot> set label 4 "Rechenzeit: 05:17" at screen 0.1,0.1,0.1
gnuplot> replot
gnuplot> set label 5 "Senke: 126" at screen 0.1,0.1,1.1
gnuplot> replot