average needed generations: 6000
pm: 0.02
pc: 0.35
geneCnt: 500
geneLen: 100
crossover-method: 1
replication-scheme: 0
number of runs: 2
best gene fitness: 3842.8676287603485

55 348 252 199 359 120 200 149 442 480 77 116 384 453 123 137 362 283 216 264 103 60 247 27 34 203 251 364 208 422 170 479 396 402 19 144 484 353 65 256 494 455 249 45 338 462 48 161 245 492 25 411 211 345 196 270 39 232 88 52 272 92 315 119 183 321 278 446 323 457 194 420 187 284 78 443 221 297 142 337 29 330 398 380 333 414 155 473 470 176 471 237 5 145 451 439 305 376 257 369 319 32 458 452 461 448 47 279 269 496 491 363 423 124 440 192 226 320 30 468 132 248 79 318 266 428 99 282 74 293 184 59 101 150 285 17 225 361 227 354 210 463 412 441 240 164 152 89 44 35 499 223 389 476 287 299 146 378 135 268 57 377 383 427 190 485 334 236 13 153 365 322 162 42 10 15 288 493 64 292 379 114 136 72 486 213 416 91 336 368 98 390 403 71 127 400 464 472 273 459 241 286 340 335 212 373 253 198 444 75 110 342 46 393 437 243 113 168 83 328 294 233 173 84 122 406 62 53 418 371 456 372 185 263 157 193 148 93 401 298 66 85 134 8 344 56 128 258 360 303 95 357 339 477 141 156 430 28 73 309 290 356 202 433 140 58 238 261 180 498 230 467 306 460 413 188 239 417 407 421 189 18 231 346 96 254 296 214 386 86 167 265 16 126 500 392 267 314 166 115 177 68 271 495 351 276 102 431 332 61 191 474 178 487 90 481 313 111 171 82 327 21 229 262 109 404 143 425 118 482 295 466 310 33 259 489 312 291 347 182 397 104 350 14 87 207 311 341 54 289 4 436 3 215 175 112 447 415 326 394 399 6 40 426 304 205 165 12 483 22 277 405 158 490 250 224 147 63 129 100 388 438 246 37 235 195 391 169 24 151 131 435 117 23 197 408 7 133 382 274 11 424 174 387 26 409 67 478 1 217 432 159 222 465 469 70 370 497 219 385 179 9 242 105 429 445 181 317 316 366 375 163 302 97 204 374 220 41 331 2 31 209 138 49 108 81 38 218 454 186 329 260 43 172 139 434 206 381 450 352 20 228 324 355 308 160 475 280 410 244 419 358 343 349 325 106 300 275 76 367 80 154 488 201 107 121 234 395 307 125 301 130 281 94 69 449 255 50 36 51

time: 7 min


average needed generations: 50000
pm: 0.01
pc: 0.35
geneCnt: 500
geneLen: 100
crossover-method: 1
replication-scheme: 1
number of runs: 1
best gene fitness: 3834.5454142582994

80 234 450 381 206 125 307 260 43 172 139 434 377 334 427 383 190 485 343 358 419 244 410 325 349 106 300 275 475 280 228 20 352 324 355 160 308 76 367 88 52 315 119 183 446 454 221 78 284 187 420 194 323 457 272 92 395 321 278 329 186 297 142 337 29 330 398 380 333 473 470 89 152 463 210 227 354 361 225 17 320 226 305 192 440 376 439 451 145 257 44 35 164 240 441 412 493 288 15 10 64 292 379 114 136 285 150 30 468 132 248 83 328 294 449 255 69 94 124 423 363 491 496 269 279 165 205 304 426 490 158 22 483 12 277 405 108 49 138 209 31 2 331 41 442 149 200 199 359 252 55 480 77 384 453 116 220 374 204 97 302 196 211 411 163 492 25 375 366 316 317 181 445 429 105 9 179 242 385 219 222 159 432 217 67 478 1 409 26 387 133 382 11 274 424 174 24 151 131 435 117 235 195 391 169 37 246 438 388 100 129 4 289 311 207 40 6 301 51 36 50 47 448 461 452 369 237 5 471 176 319 32 458 81 38 443 218 414 155 223 389 476 153 13 236 378 135 268 57 146 299 287 365 499 322 162 42 416 213 486 91 336 368 98 459 241 286 340 335 212 373 253 198 444 75 110 99 282 74 101 59 400 127 71 403 390 273 472 72 464 184 293 428 266 79 318 342 46 393 437 243 113 168 173 233 84 122 406 62 85 66 298 93 401 148 193 157 456 371 418 53 134 8 344 56 281 130 394 399 87 14 104 397 182 347 180 230 498 467 28 73 309 290 356 306 460 413 188 239 18 189 421 231 171 111 313 82 109 262 404 425 466 295 310 33 259 489 312 291 481 90 487 178 474 191 61 346 96 296 254 214 386 86 16 265 167 332 431 102 126 314 276 166 115 500 392 267 177 68 271 495 351 141 477 339 357 430 156 263 372 185 303 95 360 128 258 350 261 238 58 140 433 202 417 407 327 21 229 143 118 482 436 3 215 175 112 447 326 415 54 341 224 250 147 63 120 348 249 45 462 338 455 494 256 65 353 484 144 19 402 23 197 408 7 251 396 479 170 422 203 70 469 465 497 370 34 27 60 247 208 364 103 264 216 283 362 137 123 48 161 245 345 270 39 232 488 201 107 121 154

time: 10:08


average needed generations: 50000
pm: 0.01
pc: 0.6
geneCnt: 500
geneLen: 100
crossover-method: 1
replication-scheme: 0
number of runs: 1
best gene fitness: 3735.978079021787

7 197 408 133 382 274 11 387 26 409 67 478 1 217 432 159 222 465 497 370 70 469 219 385 179 9 242 105 429 445 181 317 316 366 375 25 492 161 245 48 123 137 362 283 216 264 103 60 247 27 34 203 251 364 208 422 170 479 396 402 19 144 484 353 65 256 494 455 249 45 338 462 453 384 77 116 220 374 204 97 302 196 345 211 411 163 270 39 232 88 52 272 92 315 119 183 321 278 446 323 457 194 420 187 284 78 443 38 81 108 49 138 209 31 2 331 41 442 149 200 480 55 348 252 199 359 120 63 147 224 250 490 158 483 22 12 277 405 458 452 461 448 47 279 269 496 491 363 423 124 440 192 305 439 451 145 5 237 471 176 470 473 155 414 398 380 333 330 218 221 454 186 329 260 43 172 206 381 450 352 20 228 324 355 308 160 475 280 410 244 419 358 343 485 190 383 427 334 377 434 139 125 307 395 234 367 80 154 488 201 107 121 76 106 325 349 300 275 236 13 153 365 322 162 42 10 15 288 493 64 292 379 114 136 72 486 213 416 91 336 368 98 390 403 71 127 400 464 472 273 459 241 286 340 335 212 373 253 198 444 75 110 266 428 99 282 74 293 184 59 101 150 285 17 225 361 227 354 210 463 412 441 240 164 152 89 44 35 499 223 389 476 287 299 146 378 135 268 57 29 142 337 297 32 319 369 257 376 226 320 30 468 132 248 79 318 342 46 393 437 243 113 168 83 328 294 173 233 84 122 406 62 53 418 371 456 372 185 263 157 193 148 401 93 298 66 85 134 8 344 56 128 258 360 303 95 357 339 477 141 156 430 28 73 309 290 356 202 433 140 58 238 261 180 498 230 467 306 460 413 188 239 417 407 421 189 18 16 265 167 332 431 102 126 500 392 267 314 166 115 177 68 271 495 351 276 86 214 386 254 296 96 346 231 61 191 178 90 487 481 474 313 111 171 327 21 229 347 350 104 397 182 14 87 207 311 341 54 289 4 436 3 215 175 112 447 415 326 394 399 6 40 426 304 205 165 36 50 51 301 130 281 94 69 449 255 129 100 388 438 246 37 295 466 425 118 482 143 404 262 109 82 291 312 489 33 310 259 169 391 195 235 117 435 151 131 24 424 174 23

time: 19:48


average needed generations: 70000
pm: 0.01
pc: 0.8
geneCnt: 500
geneLen: 100
crossover-method: 1
replication-scheme: 0
number of runs: 1
best gene fitness: 3652.039132768619

258 128 56 344 8 134 418 53 62 406 122 84 233 173 294 328 83 168 243 437 393 46 342 318 79 266 428 99 282 74 293 184 59 101 150 285 17 225 361 227 354 210 463 412 441 240 164 152 89 44 35 473 470 176 471 237 5 145 451 439 305 376 257 363 491 496 269 279 36 50 51 6 40 426 304 205 165 47 448 461 452 458 32 319 369 12 405 277 22 483 158 490 250 224 147 63 120 359 199 252 200 55 348 480 149 442 77 116 384 453 123 137 362 283 216 264 103 60 247 27 34 203 251 364 208 422 170 479 396 402 19 144 484 353 65 256 494 455 249 462 338 45 129 100 388 438 246 37 235 195 391 169 24 151 131 435 117 23 197 408 7 133 382 274 11 424 174 387 26 409 67 478 1 217 432 159 222 465 469 70 370 497 219 385 179 9 242 105 429 445 181 317 316 366 375 25 492 161 48 245 302 97 204 374 220 41 331 2 31 209 138 49 108 81 38 218 414 398 380 333 155 330 29 142 337 297 454 221 443 78 284 187 420 194 323 457 446 278 321 183 119 315 92 52 272 88 232 39 270 345 196 211 411 163 121 107 201 488 154 80 367 76 234 395 307 125 206 381 450 352 20 228 324 355 308 160 475 280 106 325 349 300 275 410 244 419 358 343 485 190 383 427 334 377 434 139 172 43 260 329 186 57 268 135 146 299 287 378 236 13 153 365 476 389 223 499 322 162 42 10 15 288 493 64 292 379 114 136 72 486 213 416 91 336 368 98 390 403 71 127 400 464 472 273 459 241 286 340 335 212 373 253 198 444 75 110 248 132 468 30 320 226 192 440 423 124 255 449 69 94 301 130 281 394 399 87 207 311 341 54 289 4 436 3 215 175 112 447 415 326 182 397 104 350 14 347 21 229 262 109 82 313 111 171 487 90 481 178 191 61 346 231 421 189 18 188 239 460 413 306 126 500 392 267 314 166 115 177 68 271 495 276 102 431 332 167 265 16 86 214 386 254 296 96 474 291 312 489 33 310 259 466 295 482 118 425 143 404 327 407 417 433 140 202 356 290 309 28 73 467 498 230 58 238 261 180 95 303 357 339 477 141 156 430 351 157 193 148 401 93 298 66 456 372 185 263 371 85 113 360

time: 32:38


average needed generations: 75000
pm: 0.01
pc: 0.9
geneCnt: 500
geneLen: 100
crossover-method: 1
replication-scheme: 0
number of runs: 1
best gene fitness: 3654.024532030837

35 499 223 389 476 287 299 146 378 135 268 57 29 142 337 297 454 221 186 329 260 43 172 206 381 450 352 20 228 324 355 308 160 475 280 106 325 349 358 343 419 244 410 275 300 76 367 80 154 488 201 107 121 52 272 92 315 119 183 321 278 446 323 457 194 420 187 284 78 443 38 81 218 330 398 380 333 414 155 473 470 176 471 237 5 145 451 439 305 192 440 423 124 491 496 269 279 36 50 51 301 130 281 56 128 258 360 303 95 357 339 477 141 156 430 28 73 309 290 356 202 433 140 58 230 498 467 180 185 372 456 371 418 53 406 122 134 62 85 66 298 193 148 93 401 157 263 351 495 271 68 177 115 166 276 314 500 392 267 126 265 167 332 431 102 16 86 214 386 254 296 96 346 231 61 421 189 18 188 460 413 306 239 417 407 171 111 313 487 90 481 178 191 474 291 312 489 33 310 259 466 295 438 246 19 144 484 353 65 256 494 455 249 45 338 462 453 384 123 137 362 283 216 264 103 60 247 27 34 203 251 364 208 422 170 479 396 402 117 235 195 391 169 24 151 131 435 37 23 197 408 7 133 382 274 424 174 11 387 26 409 67 478 1 217 432 159 222 465 469 70 370 497 219 385 179 9 242 105 429 445 181 317 316 366 375 25 492 161 245 48 116 77 480 55 348 252 120 63 147 224 250 490 158 483 22 200 149 442 199 359 129 436 3 215 175 112 447 415 326 182 397 104 350 261 238 347 21 229 327 82 109 262 404 143 425 118 482 388 100 4 289 54 341 311 207 87 399 394 14 6 40 426 304 205 165 12 277 405 108 49 138 209 31 2 331 41 220 374 204 97 302 196 345 211 411 163 270 39 232 88 234 395 307 125 139 434 377 383 427 190 485 334 236 13 153 365 322 162 42 10 15 288 493 64 292 379 114 136 72 486 213 416 91 336 390 403 71 127 400 464 472 273 368 98 459 241 286 340 335 212 373 253 198 444 75 110 342 46 393 437 243 113 168 83 328 294 173 233 84 69 8 344 94 449 255 363 47 448 461 452 458 32 319 369 257 376 226 320 30 468 132 248 79 318 266 428 99 282 74 293 184 59 101 150 285 17 225 361 227 354 210 463 412 441 240 164 152 89 44

time: 36:42



