average needed generations: 100000
pm: 0.03
pc: 0.4
geneCnt: 200
geneLen: 100
crossover-method: 1
replication-scheme: 0
number of runs: 20
best gene fitness: 1304.297647778729

7 163 94 184 91 24 101 128 46 6 25 78 142 21 134 65 113 176 161 76 103 181 135 154 17 19 62 112 11 31 189 2 121 43 141 145 99 175 193 168 124 75 152 117 3 111 118 53 96 157 70 12 162 170 192 92 36 123 153 187 166 180 125 39 183 20 29 1 81 56 63 28 88 35 119 156 171 60 133 50 13 71 129 26 5 100 200 173 139 52 137 115 89 108 164 67 151 179 86 198 144 110 178 90 195 45 127 136 107 80 174 191 196 16 83 122 169 14 106 140 114 51 10 57 172 74 49 82 182 143 34 109 97 38 165 120 79 126 150 85 40 147 27 8 73 104 84 95 41 130 22 4 131 197 72 42 9 93 194 105 155 61 160 18 33 158 69 54 58 116 102 37 68 23 185 177 77 64 47 146 149 98 32 59 199 132 30 138 87 167 15 186 55 66 159 44 48 190 148 188

Before writing:	02:08:23

After writing:	02:08:23